WE Potential	col1	col2	col3	col4	col5	col6	col7	col8	col9	col10	Index
-0.01708984375	-1.2817382812499901e-08	3.5671997070312507e-06	2.24853515625e-06	8.673095703125e-07	2.60009765625e-07	2.20947265625e-07	1.2176513671875e-07	-2.0751953125e-08	1.220703125000003e-08	1.525878906249938e-09	0
-0.01953125	-8.697509765624995e-08	3.2373046875000002e-06	2.06024169921875e-06	7.531738281249999e-07	2.0843505859375003e-07	1.5716552734374995e-07	1.1016845703124996e-07	-7.049560546875004e-08	-3.4790039062500005e-08	-4.7302246093750025e-08	1
-0.02197265625	-1.2939453125000002e-07	2.93701171875e-06	1.8341064453124996e-06	6.506347656250001e-07	1.2786865234374993e-07	1.1322021484375e-07	5.798339843750001e-08	-8.758544921874997e-08	-1.0589599609374995e-07	-7.202148437499996e-08	2
-0.0244140625	-1.6082763671875e-07	2.6593017578125e-06	1.629638671875e-06	5.511474609375e-07	6.744384765625e-08	6.103515624999999e-08	-1.03759765625e-08	-1.4068603515624999e-07	-1.3824462890624995e-07	-1.5289306640624996e-07	3
-0.02685546875	-2.3559570312500004e-07	2.4148559570312493e-06	1.4471435546874995e-06	4.528808593750001e-07	3.875732421875001e-08	1.953125e-08	-3.692626953124998e-08	-1.7852783203124998e-07	-1.9195556640625e-07	-1.91650390625e-07	4
-0.029296875	-2.8503417968750003e-07	2.14202880859375e-06	1.2908935546875e-06	3.4515380859375e-07	-3.448486328124997e-08	-1.1291503906250016e-08	-7.110595703125003e-08	-1.959228515625e-07	-2.081298828125e-07	-2.276611328125e-07	5
-0.03173828125	-3.1463623046875e-07	1.90185546875e-06	1.1026000976562499e-06	2.590942382812499e-07	-8.728027343750003e-08	-2.3193359374999955e-08	-1.4251708984374994e-07	-2.0843505859375003e-07	-2.2491455078125e-07	-2.5115966796875e-07	6
-0.0341796875	-3.555297851562499e-07	1.6778564453124996e-06	9.7198486328125e-07	1.8585205078124994e-07	-1.4190673828125e-07	-6.896972656249998e-08	-1.568603515625e-07	-2.4658203124999996e-07	-2.57568359375e-07	-2.9357910156249995e-07	7
-0.03662109375	-3.89404296875e-07	1.4804077148437501e-06	8.258056640625e-07	1.1871337890624998e-07	-2.13623046875e-07	-1.1993408203125e-07	-1.959228515625e-07	-2.9113769531249994e-07	-3.0120849609375e-07	-3.1097412109375e-07	8
-0.0390625	-4.3975830078125e-07	1.2881469726562497e-06	6.6741943359375e-07	4.669189453125e-08	-2.7130126953125e-07	-1.7547607421875002e-07	-2.3345947265624996e-07	-3.1768798828125e-07	-3.2012939453125003e-07	-3.643798828125e-07	9
-0.04150390625	-4.754638671875e-07	1.1102294921874999e-06	5.505371093749999e-07	-5.096435546874998e-08	-3.0120849609375e-07	-2.3681640624999996e-07	-2.8350830078125e-07	-3.5064697265625e-07	-4.022216796875e-07	-4.0191650390625e-07	10
-0.0439453125	-5.206298828125e-07	9.201049804687502e-07	4.2297363281249997e-07	-1.2329101562499998e-07	-3.5369873046875e-07	-2.5299072265624996e-07	-3.0517578125e-07	-3.7322998046875e-07	-4.0008544921875e-07	-4.888916015625e-07	11
-0.04638671875000001	-5.474853515625e-07	7.855224609375e-07	3.08837890625e-07	-1.91650390625e-07	-4.0618896484375e-07	-2.8564453124999996e-07	-3.5827636718750007e-07	-4.0740966796875e-07	-4.431152343750001e-07	-4.949951171875002e-07	12
-0.048828125	-5.7830810546875e-07	6.341552734375e-07	1.9073486328124998e-07	-2.5543212890625e-07	-4.4586181640625e-07	-3.2135009765625e-07	-3.90625e-07	-4.400634765625e-07	-4.815673828125e-07	-5.398559570312501e-07	13
-0.05126953124999999	-6.0699462890625e-07	4.815673828125e-07	8.270263671875002e-08	-3.1646728515625e-07	-5.108642578124998e-07	-3.7658691406249996e-07	-4.4281005859375e-07	-4.898071289062501e-07	-5.4473876953125e-07	-5.7830810546875e-07	14
-0.0537109375	-6.256103515625e-07	3.3233642578125e-07	-4.7912597656250007e-08	-3.8055419921875e-07	-5.3619384765625e-07	-4.39453125e-07	-4.812622070312501e-07	-5.23681640625e-07	-5.978393554687501e-07	-6.311035156249999e-07	15
-0.05615234375000001	-6.591796875e-07	2.105712890625e-07	-1.47705078125e-07	-4.5623779296875e-07	-6.024169921875e-07	-4.50439453125e-07	-5.593872070312501e-07	-6.008911132812501e-07	-6.427001953125e-07	-6.683349609375e-07	16
-0.05859375	-6.872558593750001e-07	6.896972656249998e-08	-2.2247314453125e-07	-4.9896240234375e-07	-6.732177734375e-07	-5.45654296875e-07	-5.917358398437499e-07	-6.256103515625e-07	-7.000732421875e-07	-7.421875e-07	17
-0.06103515625	-7.0953369140625e-07	-6.195068359375002e-08	-3.2196044921875e-07	-5.773925781249999e-07	-7.131958007812501e-07	-6.097412109375e-07	-6.417846679687499e-07	-6.906127929687499e-07	-7.312011718750001e-07	-7.882690429687501e-07	18
-0.0634765625	-7.2998046875e-07	-1.7761230468749996e-07	-4.30908203125e-07	-6.896972656250001e-07	-7.742309570312499e-07	-6.54296875e-07	-6.942749023437502e-07	-7.4371337890625e-07	-7.946777343750001e-07	-8.557128906249999e-07	19
-0.06591796875	-7.516479492187499e-07	-3.0517578125e-07	-5.432128906250001e-07	-7.653808593749998e-07	-8.401489257812499e-07	-6.994628906250001e-07	-7.577514648437501e-07	-8.142089843750001e-07	-8.422851562500001e-07	-9.173583984375e-07	20
-0.068359375	-7.7301025390625e-07	-4.0313720703125e-07	-6.594848632812501e-07	-8.230590820312499e-07	-9.1278076171875e-07	-7.73529052734375e-07	-8.269348144531251e-07	-8.363952636718751e-07	-9.245910644531248e-07	-9.51751708984375e-07	21
-0.07080078125	-8.099365234375e-07	-5.572509765625e-07	-7.562255859375e-07	-9.072875976562498e-07	-1.0113525390625e-06	-8.564147949218751e-07	-8.77471923828125e-07	-9.25384521484375e-07	-9.772644042968749e-07	-1.0502014160156248e-06	22
-0.0732421875	-8.3251953125e-07	-6.903076171875e-07	-8.682250976562498e-07	-1.0107421875e-06	-1.0955810546875e-06	-9.15618896484375e-07	-9.778747558593753e-07	-9.794006347656253e-07	-1.070343017578125e-06	-1.087738037109375e-06	23
-0.07568359375	-8.70361328125e-07	-8.2763671875e-07	-9.722900390625002e-07	-1.1041259765625e-06	-1.1651611328125e-06	-1.005828857421875e-06	-1.046417236328125e-06	-1.095855712890625e-06	-1.1324768066406249e-06	-1.1898498535156247e-06	24
-0.078125	-8.941650390624998e-07	-9.5489501953125e-07	-1.10076904296875e-06	-1.192626953125e-06	-1.24359130859375e-06	-1.076751708984375e-06	-1.1240539550781247e-06	-1.132598876953125e-06	-1.211639404296875e-06	-1.2659606933593748e-06	25
-0.08056640625	-9.4757080078125e-07	-1.08428955078125e-06	-1.221923828125e-06	-1.30584716796875e-06	-1.341552734375e-06	-1.1514892578125e-06	-1.2161865234374997e-06	-1.2137451171875e-06	-1.29461669921875e-06	-1.32635498046875e-06	26
-0.0830078125	-9.478759765625e-07	-1.22711181640625e-06	-1.3555908203125e-06	-1.41326904296875e-06	-1.4447021484375002e-06	-1.259918212890625e-06	-1.298065185546875e-06	-1.305694580078125e-06	-1.3706970214843753e-06	-1.410675048828125e-06	27
-0.08544921875	-9.8663330078125e-07	-1.3598632812499999e-06	-1.475830078125e-06	-1.510009765625e-06	-1.5469360351562498e-06	-1.3760681152343746e-06	-1.3916320800781249e-06	-1.3891906738281245e-06	-1.4612121582031248e-06	-1.5249938964843748e-06	28
-0.087890625	-1.02569580078125e-06	-1.5078735351562499e-06	-1.61163330078125e-06	-1.6445922851562498e-06	-1.6656494140625e-06	-1.476348876953125e-06	-1.4903869628906252e-06	-1.4809265136718748e-06	-1.599029541015625e-06	-1.6237487792968751e-06	29
-0.09033203125	-1.0748291015625e-06	-1.6551513671875e-06	-1.75311279296875e-06	-1.77752685546875e-06	-1.75860595703125e-06	-1.5907287597656254e-06	-1.604766845703125e-06	-1.6233825683593754e-06	-1.674957275390625e-06	-1.739654541015625e-06	30
-0.09277343750000001	-1.0986328125e-06	-1.81243896484375e-06	-1.9036865234375e-06	-1.9073486328125e-06	-1.9049072265625e-06	-1.722412109375e-06	-1.73583984375e-06	-1.719970703125e-06	-1.78070068359375e-06	-1.866455078125e-06	31
-0.09521484375	-1.14532470703125e-06	-1.9798278808593755e-06	-2.0631408691406245e-06	-2.052154541015625e-06	-2.0268249511718755e-06	-1.8468322753906246e-06	-1.871551513671875e-06	-1.852630615234375e-06	-1.9469299316406248e-06	-1.9811096191406247e-06	32
-0.09765625	-1.1798095703125002e-06	-2.1460571289062494e-06	-2.2455444335937503e-06	-2.1961059570312495e-06	-2.1707763671875e-06	-1.9749755859375e-06	-2.0067138671875e-06	-1.9713134765625e-06	-2.059814453125e-06	-2.13275146484375e-06	33
-0.10009765625	-1.2310791015625002e-06	-2.31024169921875e-06	-2.4262084960937505e-06	-2.3489990234375004e-06	-2.3270263671875e-06	-2.1290893554687494e-06	-2.13946533203125e-06	-2.1101684570312495e-06	-2.19134521484375e-06	-2.23345947265625e-06	34
-0.1025390625	-1.29669189453125e-06	-2.5072326660156252e-06	-2.609771728515625e-06	-2.5252380371093755e-06	-2.5066223144531246e-06	-2.3059082031250005e-06	-2.3092651367187505e-06	-2.294921875e-06	-2.37701416015625e-06	-2.4118041992187497e-06	35
-0.10498046875	-1.328125e-06	-2.7238769531250005e-06	-2.8041381835937503e-06	-2.7232666015625e-06	-2.6863403320312502e-06	-2.471954345703125e-06	-2.484771728515625e-06	-2.4277038574218757e-06	-2.511627197265625e-06	-2.567779541015625e-06	36
-0.107421875	-1.3858032226562498e-06	-2.9423217773437496e-06	-3.0390625e-06	-2.91912841796875e-06	-2.8941040039062505e-06	-2.6656799316406245e-06	-2.6589660644531245e-06	-2.6162414550781246e-06	-2.6980285644531246e-06	-2.7389221191406244e-06	37
-0.10986328125	-1.4407348632812498e-06	-3.18634033203125e-06	-3.2373046875000002e-06	-3.1390380859375e-06	-3.0972290039062495e-06	-2.87548828125e-06	-2.8468017578125e-06	-2.819030761718749e-06	-2.90966796875e-06	-2.9398803710937497e-06	38
-0.1123046875	-1.507568359375e-06	-3.43865966796875e-06	-3.50640869140625e-06	-3.3724365234375003e-06	-3.3080444335937503e-06	-3.0682067871093755e-06	-3.0639343261718755e-06	-3.0181579589843754e-06	-3.0975036621093748e-06	-3.162811279296875e-06	39
-0.11474609375	-1.5829467773437502e-06	-3.6593017578125e-06	-3.757873535156249e-06	-3.60833740234375e-06	-3.54180908203125e-06	-3.29681396484375e-06	-3.3041381835937497e-06	-3.22998046875e-06	-3.2901000976562505e-06	-3.3746337890625e-06	40
-0.1171875	-1.6424560546875004e-06	-3.92864990234375e-06	-4.01715087890625e-06	-3.87982177734375e-06	-3.7760620117187507e-06	-3.538513183593749e-06	-3.51715087890625e-06	-3.45611572265625e-06	-3.54766845703125e-06	-3.5934448242187507e-06	41
-0.11962890625	-1.7330932617187496e-06	-4.2198486328125e-06	-4.3052978515625e-06	-4.1466064453125e-06	-4.052001953125e-06	-3.794860839843751e-06	-3.78265380859375e-06	-3.700256347656249e-06	-3.794860839843751e-06	-3.831481933593749e-06	42
-0.1220703125	-1.82373046875e-06	-4.53082275390625e-06	-4.62237548828125e-06	-4.457580566406249e-06	-4.32025146484375e-06	-4.084960937499999e-06	-4.0513916015625e-06	-3.9659423828125005e-06	-4.0452880859375e-06	-4.09716796875e-06	43
-0.12451171875	-1.9146728515625e-06	-4.85333251953125e-06	-4.95404052734375e-06	-4.7343139648437515e-06	-4.6427612304687514e-06	-4.372833251953125e-06	-4.339263916015625e-06	-4.235504150390625e-06	-4.351470947265625e-06	-4.366729736328125e-06	44
-0.126953125	-2.0071411132812494e-06	-5.205352783203124e-06	-5.293853759765625e-06	-5.077178955078124e-06	-4.955108642578125e-06	-4.722900390624999e-06	-4.661865234374999e-06	-4.530639648437499e-06	-4.6435546875e-06	-4.6832275390624996e-06	45
-0.12939453125	-2.11334228515625e-06	-5.582336425781249e-06	-5.66168212890625e-06	-5.445007324218749e-06	-5.32598876953125e-06	-5.0152587890625e-06	-5e-06	-4.887084960937501e-06	-4.9664306640625e-06	-5.0244140625e-06	46
-0.1318359375	-2.2433471679687498e-06	-5.9525146484375e-06	-6.095947265625e-06	-5.8426513671874995e-06	-5.71142578125e-06	-5.3961181640625e-06	-5.34423828125e-06	-5.2130126953125e-06	-5.322875976562499e-06	-5.325927734375e-06	47
-0.13427734375	-2.3516845703124997e-06	-6.38433837890625e-06	-6.51251220703125e-06	-6.22869873046875e-06	-6.09747314453125e-06	-5.781555175781249e-06	-5.7266235351562495e-06	-5.57708740234375e-06	-5.680847167968749e-06	-5.68695068359375e-06	48
-0.13671875	-2.46337890625e-06	-6.8202209472656255e-06	-6.975860595703124e-06	-6.695098876953125e-06	-6.490631103515625e-06	-6.23748779296875e-06	-6.155090332031251e-06	-5.987243652343751e-06	-6.103210449218751e-06	-6.097106933593749e-06	49
-0.13916015625	-2.6092529296875e-06	-7.301849365234375e-06	-7.436126708984373e-06	-7.146209716796875e-06	-6.9600524902343764e-06	-6.6748046875e-06	-6.58935546875e-06	-6.403198242187499e-06	-6.5252685546874995e-06	-6.5283203125e-06	50
-0.1416015625	-2.763671875e-06	-7.790618896484376e-06	-7.973724365234375e-06	-7.638031005859376e-06	-7.4457702636718735e-06	-7.122802734375e-06	-7.037353515625e-06	-6.842041015625e-06	-6.9244384765625e-06	-6.9793701171875e-06	51
-0.14404296875	-2.896728515625e-06	-8.31536865234375e-06	-8.53814697265625e-06	-8.168884277343749e-06	-7.92169189453125e-06	-7.62725830078125e-06	-7.538757324218748e-06	-7.36480712890625e-06	-7.416687011718748e-06	-7.450256347656249e-06	52
-0.146484375	-3.080749511718749e-06	-8.901794433593752e-06	-9.094055175781251e-06	-8.767517089843752e-06	-8.49896240234375e-06	-8.182983398437501e-06	-8.0426025390625e-06	-7.8533935546875e-06	-7.975463867187502e-06	-7.969360351562501e-06	53
-0.14892578125	-3.2473754882812497e-06	-9.485778808593752e-06	-9.70855712890625e-06	-9.31488037109375e-06	-9.06768798828125e-06	-8.718261718749998e-06	-8.6297607421875e-06	-8.3856201171875e-06	-8.449707031249999e-06	-8.5137939453125e-06	54
-0.1513671875	-3.43109130859375e-06	-1.0155029296875e-05	-1.0414428710937497e-05	-9.984130859375e-06	-9.691162109374999e-06	-9.3359375e-06	-9.2169189453125e-06	-8.972778320312498e-06	-9.055175781249998e-06	-9.085693359375e-06	55
-0.15380859375	-3.6331176757812492e-06	-1.0827087402343746e-05	-1.1101745605468748e-05	-1.0647033691406247e-05	-1.0351013183593746e-05	-9.962463378906252e-06	-9.849548339843748e-06	-9.58709716796875e-06	-9.678649902343746e-06	-9.70611572265625e-06	56
-0.15625	-3.852844238281249e-06	-1.1546722412109375e-05	-1.1876312255859374e-05	-1.1406341552734375e-05	-1.1079803466796876e-05	-1.070037841796875e-05	-1.053863525390625e-05	-1.023040771484375e-05	-1.034027099609375e-05	-1.0382995605468753e-05	57
-0.15869140625	-4.079284667968749e-06	-1.23211669921875e-05	-1.26141357421875e-05	-1.21075439453125e-05	-1.1817626953125003e-05	-1.14044189453125e-05	-1.1236572265625e-05	-1.0928344726562501e-05	-1.1065673828125e-05	-1.10687255859375e-05	58
-0.1611328125	-4.303985595703124e-06	-1.311572265625e-05	-1.34544677734375e-05	-1.2957031249999997e-05	-1.2596923828125e-05	-1.21844482421875e-05	-1.1992187500000003e-05	-1.16839599609375e-05	-1.1802978515625003e-05	-1.18182373046875e-05	59
-0.16357421875	-4.575531005859374e-06	-1.3962799072265622e-05	-1.4371734619140625e-05	-1.3791900634765624e-05	-1.3474517822265622e-05	-1.303802490234375e-05	-1.280914306640625e-05	-1.2510070800781247e-05	-1.2595520019531246e-05	-1.260772705078125e-05	60
-0.166015625	-4.858184814453125e-06	-1.4906829833984375e-05	-1.530050659179688e-05	-1.4708465576171874e-05	-1.4363616943359375e-05	-1.3894958496093746e-05	-1.3714904785156248e-05	-1.3321228027343747e-05	-1.3449401855468753e-05	-1.343719482421875e-05	61
-0.16845703125	-5.114440917968749e-06	-1.5841217041015622e-05	-1.6308135986328125e-05	-1.5691680908203122e-05	-1.532852172851563e-05	-1.48150634765625e-05	-1.46258544921875e-05	-1.422607421875e-05	-1.43328857421875e-05	-1.43389892578125e-05	62
-0.1708984375	-5.43310546875e-06	-1.6876861572265625e-05	-1.7349884033203127e-05	-1.675173950195312e-05	-1.6333648681640627e-05	-1.5843505859375002e-05	-1.55963134765625e-05	-1.5159912109375003e-05	-1.530029296875e-05	-1.52850341796875e-05	63
-0.17333984375	-5.7327880859375e-06	-1.797467041015625e-05	-1.848431396484375e-05	-1.7861755371093753e-05	-1.737042236328125e-05	-1.6891784667968752e-05	-1.665985107421875e-05	-1.6202087402343746e-05	-1.637603759765625e-05	-1.6333312988281245e-05	64
-0.17578125	-6.085723876953125e-06	-1.9110748291015622e-05	-1.9669219970703122e-05	-1.9006988525390624e-05	-1.8537017822265625e-05	-1.80303955078125e-05	-1.777099609375e-05	-1.7276611328124995e-05	-1.744140625e-05	-1.745361328125e-05	65
-0.17822265625	-6.4541015625e-06	-2.0321411132812494e-05	-2.0919555664062493e-05	-2.0260375976562494e-05	-1.97568359375e-05	-1.923980712890625e-05	-1.8949890136718753e-05	-1.8464660644531246e-05	-1.856842041015625e-05	-1.8553161621093746e-05	66
-0.1806640625	-6.857208251953125e-06	-2.1632720947265624e-05	-2.2261383056640626e-05	-2.1608306884765627e-05	-2.1013214111328124e-05	-2.0526123046875003e-05	-2.0187377929687506e-05	-1.9683837890624997e-05	-1.98577880859375e-05	-1.9784545898437496e-05	67
-0.18310546875	-7.257720947265627e-06	-2.29713134765625e-05	-2.3685424804687504e-05	-2.3010986328125e-05	-2.240673828125e-05	-2.1907348632812495e-05	-2.1544189453124998e-05	-2.1004028320312506e-05	-2.111083984375e-05	-2.10772705078125e-05	68
-0.185546875	-7.672882080078125e-06	-2.4443664550781245e-05	-2.518829345703125e-05	-2.4498596191406243e-05	-2.384552001953125e-05	-2.3351135253906244e-05	-2.2960510253906243e-05	-2.2395935058593754e-05	-2.253631591796875e-05	-2.247833251953125e-05	69
-0.18798828125	-8.138549804687503e-06	-2.59375e-05	-2.67919921875e-05	-2.6090087890625e-05	-2.5427856445312506e-05	-2.488739013671875e-05	-2.4469299316406244e-05	-2.3858947753906243e-05	-2.4032897949218755e-05	-2.3990173339843742e-05	70
-0.1904296875	-8.61297607421875e-06	-2.7545166015625e-05	-2.8466796875000006e-05	-2.7761840820312495e-05	-2.711181640625e-05	-2.6498107910156243e-05	-2.614715576171875e-05	-2.546356201171875e-05	-2.5634460449218757e-05	-2.559478759765625e-05	71
-0.19287109375	-9.104339599609372e-06	-2.92474365234375e-05	-3.02178955078125e-05	-2.953125e-05	-2.884765625e-05	-2.8187866210937505e-05	-2.78369140625e-05	-2.7116699218749994e-05	-2.72723388671875e-05	-2.72357177734375e-05	72
-0.1953125	-9.665374755859374e-06	-3.1076660156250003e-05	-3.2120361328125004e-05	-3.139404296875001e-05	-3.07623291015625e-05	-3.00384521484375e-05	-2.9602050781249992e-05	-2.89459228515625e-05	-2.9095458984375e-05	-2.90283203125e-05	73
-0.19775390625	-1.0201293945312499e-05	-3.292572021484375e-05	-3.4088439941406245e-05	-3.334686279296876e-05	-3.270904541015625e-05	-3.1974182128906245e-05	-3.156524658203124e-05	-3.070770263671874e-05	-3.0985412597656245e-05	-3.087249755859374e-05	74
-0.2001953125	-1.080047607421875e-05	-3.49560546875e-05	-3.62286376953125e-05	-3.54779052734375e-05	-3.4833984375e-05	-3.4075012207031245e-05	-3.365081787109376e-05	-3.282684326171875e-05	-3.2970275878906245e-05	-3.287872314453125e-05	75
-0.20263671875	-1.1409332275390625e-05	-3.7069091796875e-05	-3.846374511718749e-05	-3.769775390624999e-05	-3.7044677734375e-05	-3.631927490234375e-05	-3.573638916015625e-05	-3.494598388671875e-05	-3.5187072753906246e-05	-3.502532958984375e-05	76
-0.205078125	-1.2109832763671874e-05	-3.932586669921874e-05	-4.0857849121093756e-05	-4.005828857421874e-05	-3.938995361328125e-05	-3.871337890625e-05	-3.811218261718751e-05	-3.73095703125e-05	-3.7431640625e-05	-3.73828125e-05	77
-0.20751953125	-1.2792816162109371e-05	-4.1685791015625e-05	-4.3370361328125e-05	-4.2549438476562495e-05	-4.18475341796875e-05	-4.1208496093750006e-05	-4.058288574218751e-05	-3.9700927734375e-05	-3.984436035156249e-05	-3.9835205078125e-05	78
-0.2099609375	-1.3530792236328126e-05	-4.4207763671875e-05	-4.60662841796875e-05	-4.5196533203125e-05	-4.45098876953125e-05	-4.3859558105468735e-05	-4.322784423828125e-05	-4.237335205078125e-05	-4.254730224609376e-05	-4.241302490234375e-05	79
-0.21240234375	-1.4277191162109375e-05	-4.683380126953125e-05	-4.885101318359376e-05	-4.806365966796876e-05	-4.730072021484375e-05	-4.6619873046875e-05	-4.5988159179687485e-05	-4.50665283203125e-05	-4.527099609375e-05	-4.51519775390625e-05	80
-0.21484375	-1.5141937255859372e-05	-4.963592529296874e-05	-5.1863708496093765e-05	-5.1070251464843764e-05	-5.024627685546874e-05	-4.954132080078125e-05	-4.908355712890625e-05	-4.807647705078125e-05	-4.8137512207031235e-05	-4.804595947265625e-05	81
-0.21728515625	-1.595855712890625e-05	-5.255706787109375e-05	-5.502899169921875e-05	-5.420501708984375e-05	-5.347259521484375e-05	-5.269775390625e-05	-5.220947265625e-05	-5.111083984375e-05	-5.135498046875001e-05	-5.111083984375e-05	82
-0.2197265625	-1.688107299804687e-05	-5.56634521484375e-05	-5.83795166015625e-05	-5.76470947265625e-05	-5.68536376953125e-05	-5.616668701171875e-05	-5.546478271484376e-05	-5.457977294921875e-05	-5.467132568359375e-05	-5.4457702636718764e-05	83
-0.22216796875	-1.7795166015625002e-05	-5.894805908203124e-05	-6.187774658203124e-05	-6.126739501953124e-05	-6.050445556640626e-05	-5.9822998046875e-05	-5.9151611328125e-05	-5.802246093750001e-05	-5.814453125e-05	-5.8052978515625e-05	84
-0.224609375	-1.8794189453125e-05	-6.24139404296875e-05	-6.56793212890625e-05	-6.50689697265625e-05	-6.433654785156251e-05	-6.372406005859377e-05	-6.305267333984375e-05	-6.195404052734377e-05	-6.204559326171876e-05	-6.186248779296874e-05	85
-0.22705078125	-1.9844848632812496e-05	-6.60693359375e-05	-6.967041015625e-05	-6.912109375e-05	-6.844970703125e-05	-6.783721923828124e-05	-6.692169189453124e-05	-6.582305908203126e-05	-6.606719970703126e-05	-6.582305908203126e-05	86
-0.2294921875	-2.09842529296875e-05	-6.993560791015624e-05	-7.384185791015623e-05	-7.344512939453122e-05	-7.283477783203122e-05	-7.216796875e-05	-7.1282958984375e-05	-7.033691406249999e-05	-7.021484374999999e-05	-7.003173828125e-05	87
-0.23193359375000006	-2.2108245849609373e-05	-7.401336669921874e-05	-7.825531005859374e-05	-7.798065185546875e-05	-7.743133544921873e-05	-7.666992187499998e-05	-7.605957031249997e-05	-7.465576171875e-05	-7.489990234375e-05	-7.456420898437501e-05	88
-0.234375	-2.3322998046875e-05	-7.833862304687502e-05	-8.30078125e-05	-8.279418945312499e-05	-8.2275390625e-05	-8.144989013671875e-05	-8.074798583984374e-05	-7.974090576171877e-05	-7.971038818359374e-05	-7.937469482421875e-05	89
-0.23681640624999994	-2.4612731933593745e-05	-8.284851074218749e-05	-8.785339355468748e-05	-8.791442871093748e-05	-8.745666503906253e-05	-8.659423828125e-05	-8.583129882812499e-05	-8.467163085937498e-05	-8.473266601562499e-05	-8.451904296875e-05	90
-0.2392578125	-2.5937835693359368e-05	-8.759918212890623e-05	-9.309234619140624e-05	-9.324493408203124e-05	-9.284820556640624e-05	-9.2054443359375e-05	-9.1566162109375e-05	-9.03759765625e-05	-9.031494140625e-05	-9.0009765625e-05	91
-0.24169921875000006	-2.7377197265624993e-05	-9.262847900390622e-05	-9.854888916015626e-05	-9.891510009765626e-05	-9.854888916015626e-05	-9.793853759765623e-05	-9.732818603515623e-05	-9.601593017578124e-05	-9.610748291015622e-05	-9.580230712890624e-05	92
-0.244140625	-2.882720947265625e-05	-9.790435791015624e-05	-0.00010428253173828124	-0.00010492340087890624	-0.00010455718994140624	-0.00010427764892578124	-0.00010333160400390623	-0.00010241607666015624	-0.00010208038330078124	-0.00010192779541015624	93
-0.24658203124999994	-3.0408996582031245e-05	-0.000103453369140625	-0.000110411376953125	-0.00011120483398437502	-0.000110960693359375	-0.00011095550537109375	-0.00011003997802734374	-0.00010875823974609376	-0.00010875823974609376	-0.00010836151123046877	94
-0.2490234375	-3.200076293945312e-05	-0.00010933471679687502	-0.0001168115234375	-0.00011784912109375	-0.00011766601562499997	-0.00011787017822265625	-0.00011707672119140625	-0.00011594757080078125	-0.00011570343017578125	-0.00011518463134765624	95
-0.25146484375000006	-3.3740234375e-05	-0.00011551971435546876	-0.00012351531982421874	-0.00012482757568359375	-0.00012501068115234375	-0.00012512451171875	-0.00012414794921875	-0.0001231103515625	-0.00012283569335937503	-0.00012246948242187496	96
-0.25390625	-3.551940917968749e-05	-0.00012194488525390623	-0.00013067291259765624	-0.00013222930908203125	-0.00013265655517578125	-0.000132716064453125	-0.000131953125	-0.00013115966796875	-0.00013079345703125004	-0.000130244140625	97
-0.25634765624999994	-3.7445068359375e-05	-0.000128748779296875	-0.00013811767578125	-0.000140040283203125	-0.000140772705078125	-0.00014073577880859375	-0.00014046112060546874	-0.00013914886474609379	-0.00013908782958984374	-0.00013847747802734375	98
-0.2587890625	-3.9407653808593755e-05	-0.000135877685546875	-0.00014597900390624996	-0.00014829833984375003	-0.000149366455078125	-0.00014924011230468747	-0.0001488128662109375	-0.0001480804443359375	-0.00014740905761718748	-0.0001471649169921875	99
-0.26123046875000006	-4.14593505859375e-05	-0.0001433154296875	-0.000154210205078125	-0.0001569873046875	-0.000158421630859375	-0.00015835510253906247	-0.00015774475097656248	-0.0001570733642578125	-0.00015676818847656248	-0.00015606628417968747	100
-0.263671875	-4.364349365234375e-05	-0.000151151123046875	-0.00016283935546875002	-0.00016610473632812497	-0.0001679052734375	-0.00016804840087890626	-0.00016774322509765626	-0.00016694976806640627	-0.00016646148681640627	-0.00016569854736328126	101
-0.26611328124999994	-4.591827392578125e-05	-0.00015932250976562497	-0.000171956787109375	-0.00017571044921875	-0.00017790771484375002	-0.00017824188232421875	-0.00017772308349609374	-0.0001769601440429687	-0.00017622772216796873	-0.0001756173706054687	102
-0.2685546875	-4.8271484375e-05	-0.00016792266845703122	-0.00018144195556640626	-0.00018583648681640624	-0.00018827789306640624	-0.00018887481689453125	-0.00018780670166015627	-0.00018777618408203131	-0.00018701324462890625	-0.00018612823486328125	103
-0.27099609375000006	-5.0791931152343736e-05	-0.000176851806640625	-0.00019131713867187494	-0.00019641357421875	-0.000199068603515625	-0.00019990936279296875	-0.00019939056396484374	-0.00019887176513671875	-0.0001983224487304688	-0.00019725433349609373	104
-0.2734375	-5.34088134765625e-05	-0.00018620941162109372	-0.00020171234130859372	-0.00020751068115234373	-0.00021034881591796875	-0.00021128784179687496	-0.00021113525390625	-0.00021064697265625	-0.00020957885742187496	-0.00020906005859375	105
-0.27587890624999994	-5.611297607421875e-05	-0.00019578918457031246	-0.00021239074707031248	-0.00021892150878906246	-0.0002219122314453125	-0.00022294494628906245	-0.0002226397705078125	-0.0002228228759765625	-0.0002218768310546875	-0.0002212054443359375	106
-0.2783203125	-5.893707275390625e-05	-0.00020585296630859376	-0.0002236141967773437	-0.00023090789794921876	-0.0002340206909179688	-0.0002352304077148437	-0.00023538299560546874	-0.00023556610107421875	-0.0002347421264648437	-0.0002338876342773437	107
-0.28076171875000006	-6.191558837890624e-05	-0.00021637451171875	-0.00023526489257812505	-0.00024338256835937505	-0.00024664794921875	-0.0002481658935546875	-0.00024895935058593744	-0.0002490203857421875	-0.0002474945068359375	-0.0002468536376953125	108
-0.283203125	-6.5018310546875e-05	-0.00022722808837890624	-0.00024736968994140625	-0.00025628082275390624	-0.0002597903442382813	-0.0002617965698242187	-0.0002620407104492187	-0.0002626815795898437	-0.0002614608764648437	-0.0002603927612304687	109
-0.28564453124999994	-6.827545166015625e-05	-0.0002385137939453125	-0.00025996765136718746	-0.0002695806884765625	-0.0002735174560546875	-0.00027605987548828126	-0.00027605987548828126	-0.00027731109619140627	-0.0002760293579101563	-0.0002745645141601562	110
-0.2880859375	-7.162200927734376e-05	-0.00025021942138671874	-0.0002729550170898437	-0.00028330047607421873	-0.0002877255249023437	-0.00029079467773437495	-0.000291343994140625	-0.00029186279296875006	-0.000290306396484375	-0.00028942138671875	111
-0.29052734375	-7.512359619140623e-05	-0.0002622686767578125	-0.0002864385986328125	-0.0002974249267578125	-0.00030252136230468754	-0.0003058944702148437	-0.00030626068115234377	-0.00030769500732421873	-0.0003057723999023437	-0.0003049179077148437	112
-0.29296875	-7.87457275390625e-05	-0.0002747103881835937	-0.00030028411865234376	-0.00031200286865234377	-0.0003179232788085937	-0.00032132141113281254	-0.0003213519287109376	-0.0003231829833984376	-0.0003220233154296875	-0.0003209246826171876	113
-0.29541015625	-8.25189208984375e-05	-0.0002874249267578125	-0.0003145550537109375	-0.0003269146728515625	-0.00033365905761718743	-0.0003368838500976563	-0.0003379519653320313	-0.0003400881958007813	-0.0003377078247070313	-0.0003371890258789063	114
-0.2978515625	-8.63824462890625e-05	-0.0003005404663085937	-0.0003292269897460937	-0.0003421969604492188	-0.0003498263549804688	-0.00035283935546875006	-0.00035463989257812493	-0.000356165771484375	-0.000354578857421875	-0.00035369384765624996	115
-0.30029296875	-9.036560058593753e-05	-0.0003140451049804687	-0.00034419647216796874	-0.00035783782958984377	-0.0003663217163085937	-0.0003692160034179687	-0.0003707418823242188	-0.00037412933349609376	-0.0003722067260742187	-0.00037058929443359377	116
-0.302734375	-9.451507568359376e-05	-0.0003278305053710937	-0.0003595382690429688	-0.0003737594604492188	-0.00038306732177734377	-0.0003862249755859375	-0.0003882696533203124	-0.0003909857177734375	-0.0003891546630859376	-0.0003880560302734375	117
-0.30517578125	-9.877380371093748e-05	-0.00034192138671875	-0.00037515502929687494	-0.000390078125	-0.00040002685546875	-0.00040382202148437507	-0.0004065380859375001	-0.00040986450195312497	-0.0004072094726562499	-0.0004062023925781249	118
-0.3076171875	-0.00010312957763671873	-0.00035625732421875	-0.00039101684570312493	-0.0004067333984375	-0.00041717041015625	-0.00042179107666015617	-0.0004237136840820312	-0.00042734527587890624	-0.00042612457275390626	-0.0004248733520507813	119
-0.31005859375	-0.00010757568359375	-0.0003708038330078125	-0.0004070892333984375	-0.0004236602783203124	-0.0004344940185546875	-0.00044005859375	-0.000441676025390625	-0.00044695556640625	-0.000444056396484375	-0.0004438427734375	120
-0.3125	-0.000112138671875	-0.0003855966186523437	-0.0004234384155273437	-0.00044074188232421887	-0.00045209442138671887	-0.00045833160400390627	-0.00046107818603515616	-0.0004649539184570312	-0.00046312286376953116	-0.0004629092407226562	121
-0.31494140625	-0.00011676666259765625	-0.00040063598632812496	-0.000440003662109375	-0.00045822265625	-0.00046988037109375	-0.0004766314697265625	-0.0004794696044921874	-0.0004853594970703125	-0.0004831927490234375	-0.0004820025634765626	122
-0.3173828125	-0.000121461181640625	-0.0004156988525390625	-0.0004565313720703125	-0.0004756658935546874	-0.0004877203369140624	-0.0004946524047851562	-0.0004976431274414065	-0.0005034109497070314	-0.0005015798950195312	-0.0005009695434570312	123
-0.31982421875	-0.00012620819091796874	-0.0004308535766601561	-0.0004731204223632812	-0.0004932925415039064	-0.0005054995727539062	-0.0005125570678710937	-0.0005171347045898438	-0.0005241537475585938	-0.0005214071655273437	-0.0005207968139648439	124
-0.322265625	-0.00013095703125	-0.00044609375	-0.000489794921875	-0.0005106689453125002	-0.000523486328125	-0.0005308584594726564	-0.0005366567993164064	-0.0005427603149414064	-0.0005418447875976561	-0.0005409292602539063	125
-0.32470703125	-0.00013564910888671874	-0.0004613189697265625	-0.0005060882568359375	-0.0005283660888671875	-0.0005417938232421876	-0.0005497653198242189	-0.0005546481323242189	-0.0005638034057617188	-0.0005613619995117187	-0.0005616671752929688	126
-0.3271484375	-0.00014042694091796876	-0.0004765405273437501	-0.0005228662109375001	-0.00054575439453125	-0.00056040283203125	-0.0005686737060546877	-0.0005741668701171876	-0.0005827117919921875	-0.0005811859130859376	-0.0005821014404296876	127
-0.32958984375	-0.000145120849609375	-0.000491695556640625	-0.0005390283203125	-0.00056313720703125	-0.0005787011718750001	-0.0005879019165039063	-0.0005943106079101564	-0.0006037710571289062	-0.0006022451782226561	-0.0006025503540039064	128
-0.33203125	-0.00014974365234375	-0.0005063592529296877	-0.0005554925537109375	-0.0005805169677734374	-0.0005966912841796874	-0.0006068048095703124	-0.0006122979736328126	-0.0006226739501953126	-0.0006217584228515625	-0.0006226739501953126	129
-0.33447265625	-0.00015425720214843749	-0.0005213052368164063	-0.0005713540649414062	-0.0005972940063476562	-0.0006146890258789064	-0.0006251040649414062	-0.0006312075805664062	-0.0006434146118164063	-0.0006415835571289062	-0.0006428042602539064	130
-0.3369140625	-0.00015857635498046875	-0.0005359423828125	-0.00058690673828125	-0.00061376220703125	-0.0006320727539062499	-0.0006427862548828125	-0.0006510260009765626	-0.0006623175048828124	-0.0006626226806640625	-0.0006632330322265625	131
-0.33935546875	-0.00016280700683593747	-0.0005502719116210937	-0.0006024569702148436	-0.0006299227905273437	-0.0006491488647460937	-0.0006601632690429689	-0.0006693185424804689	-0.0006827462768554688	-0.0006821359252929688	-0.0006839669799804688	132
-0.341796875	-0.00016679504394531252	-0.0005639971923828126	-0.0006170977783203124	-0.0006454791259765625	-0.0006659259033203126	-0.00067724609375	-0.00068670654296875	-0.00070166015625	-0.00070196533203125	-0.0007047119140624999	133
-0.34423828125	-0.00017051025390625	-0.0005774121093750001	-0.0006317333984375	-0.0006607250976562499	-0.0006820874023437501	-0.0006943344116210938	-0.0007059310913085937	-0.0007214950561523437	-0.0007227157592773437	-0.0007254623413085938	134
-0.3466796875	-0.00017398193359375002	-0.0005905258178710936	-0.0006454574584960936	-0.0006753646850585937	-0.0006976425170898437	-0.0007114138793945313	-0.0007242312622070311	-0.0007401004028320311	-0.0007416262817382811	-0.0007455935668945311	135
-0.34912109375	-0.000177113037109375	-0.0006030291748046874	-0.0006588763427734375	-0.0006893939208984375	-0.0007128924560546875	-0.000728485107421875	-0.000740386962890625	-0.000759307861328125	-0.000760833740234375	-0.0007651062011718749	136
-0.3515625	-0.0001797900390625	-0.0006149179077148437	-0.0006716806030273436	-0.0007028085327148437	-0.0007275277709960937	-0.000745260009765625	-0.000758077392578125	-0.000777608642578125	-0.0007809655761718749	-0.000784627685546875	137
-0.35400390625	-0.00018207183837890624	-0.0006255877685546875	-0.0006832659912109374	-0.0007153094482421874	-0.0007415545654296874	-0.0007608041381835937	-0.0007754525756835937	-0.0007955941772460937	-0.0007989511108398436	-0.0008038339233398436	138
-0.3564453125	-0.0001839208984375	-0.0006356402587890626	-0.0006945391845703125	-0.0007274981689453126	-0.0007552691650390626	-0.0007754415893554687	-0.0007903952026367188	-0.0008132833862304687	-0.0008172506713867187	-0.0008233541870117187	139
-0.35888671875	-0.00018528594970703126	-0.0006450915527343751	-0.000704600830078125	-0.000738780517578125	-0.000768687744140625	-0.000789774169921875	-0.000805948486328125	-0.000830362548828125	-0.000836466064453125	-0.000842874755859375	140
-0.361328125	-0.00018612487792968752	-0.0006536175537109375	-0.0007140423583984374	-0.0007494427490234374	-0.0007811810302734374	-0.0008028878784179686	-0.0008227243041992187	-0.0008477487182617188	-0.0008538522338867188	-0.0008617868041992187	141
-0.36376953125	-0.00018641815185546875	-0.0006609304809570314	-0.0007222708129882812	-0.0007588919067382812	-0.0007930715942382812	-0.0008156930541992187	-0.0008367501831054687	-0.0008636056518554686	-0.0008709298706054689	-0.0008800851440429686	142
-0.3662109375	-0.00018610687255859375	-0.0006673260498046874	-0.0007295819091796875	-0.0007677288818359374	-0.0008043499755859374	-0.000828193359375	-0.0008501660156249998	-0.00088037841796875	-0.00088892333984375	-0.00089807861328125	143
-0.36865234375	-0.0001851470947265625	-0.0006721932983398437	-0.0007359750366210938	-0.0007756478881835937	-0.0008147103881835937	-0.0008403863525390624	-0.0008648004150390623	-0.0008953179931640625	-0.0009050836181640624	-0.0009151544189453123	144
-0.37109375	-0.00018361541748046874	-0.0006761495971679688	-0.0007411520385742187	-0.0007826559448242188	-0.0008244650268554686	-0.0008519638061523436	-0.0008779037475585936	-0.0009108627319335935	-0.0009209335327148436	-0.0009322250366210937	145
-0.37353515625	-0.00018140319824218752	-0.0006785778808593751	-0.000745106201171875	-0.000788746337890625	-0.0008326916503906251	-0.0008626248168945311	-0.0008891751098632812	-0.0009242703247070313	-0.0009376980590820314	-0.0009492947387695311	146
-0.3759765625	-0.00017855407714843747	-0.0006794805908203125	-0.0007478399658203123	-0.0007939215087890624	-0.0008406134033203123	-0.0008726876831054688	-0.0009010690307617188	-0.0009389108276367188	-0.000952643737792969	-0.0009660714721679688	147
-0.37841796875	-0.000175159912109375	-0.0006791574096679688	-0.0007493478393554686	-0.0007978707885742187	-0.0008470040893554686	-0.0008818313598632812	-0.0009132644653320315	-0.000951106262207031	-0.000966670227050781	-0.000982539367675781	148
-0.380859375	-0.00017111724853515622	-0.0006773114013671874	-0.0007499432373046875	-0.0008009075927734374	-0.0008530926513671874	-0.0008900567626953125	-0.0009224053955078125	-0.0009651300048828129	-0.0009819146728515624	-0.0009977838134765625	149
-0.38330078125	-0.00016655914306640626	-0.0006739410400390626	-0.0007493194580078125	-0.0008033355712890624	-0.0008582672119140624	-0.0008970614624023437	-0.000932461853027344	-0.0009761019897460939	-0.0009953280639648438	-0.0010121127319335935	150
-0.3857421875	-0.0001615460205078125	-0.000669041748046875	-0.0007474719238281251	-0.000804844970703125	-0.0008631335449218749	-0.0009040722656250002	-0.000943134765625	-0.00098921630859375	-0.0010081372070312499	-0.00102644775390625	151
-0.38818359375	-0.00015613311767578126	-0.0006626181030273435	-0.0007444052124023436	-0.0008057455444335938	-0.0008673910522460938	-0.000910755615234375	-0.0009513439941406246	-0.0009992565917968748	-0.001021839599609375	-0.001040455322265625	152
-0.390625	-0.000150350341796875	-0.0006549719238281249	-0.0007407263183593749	-0.0008060339355468749	-0.000871036376953125	-0.0009174588012695312	-0.000958657531738281	-0.0010111477661132813	-0.0010340359497070313	-0.0010541775512695314	153
-0.39306640625	-0.00014438720703124997	-0.0006461010742187499	-0.0007361279296875	-0.0008057080078125	-0.0008746777343749999	-0.0009238525390625	-0.00096749267578125	-0.001019677734375	-0.00104500732421875	-0.0010678955078125	154
-0.3955078125	-0.0001383013916015625	-0.0006360137939453123	-0.0007309234619140624	-0.0008047760009765624	-0.0008777130126953123	-0.0009296368408203123	-0.0009751080322265623	-0.0010309552001953122	-0.0010568951416015623	-0.0010806988525390623	155
-0.39794921875	-0.0001321917724609375	-0.00062501220703125	-0.0007254150390624999	-0.0008038452148437499	-0.0008804443359375	-0.0009345059204101563	-0.0009811978149414065	-0.0010388760375976563	-0.0010675625610351562	-0.001092892150878906	156
-0.400390625	-0.00012616577148437502	-0.0006137039184570312	-0.0007195999145507814	-0.0008026077270507811	-0.0008834793090820311	-0.0009390725708007811	-0.0009882058715820314	-0.001048935852050781	-0.0010776223754882812	-0.0011044778442382813	157
-0.40283203125	-0.00012032287597656248	-0.0006020889282226564	-0.0007137832641601563	-0.0008016738891601561	-0.0008859024047851563	-0.0009430245971679686	-0.0009955148315429689	-0.0010565499877929689	-0.0010882882690429686	-0.0011154489135742189	158
-0.4052734375	-0.00011469970703125	-0.0005901690673828125	-0.0007082720947265624	-0.0008007403564453122	-0.0008883258056640623	-0.0009466647338867187	-0.0010003756713867188	-0.0010659884643554687	-0.0010980319213867188	-0.0011261080932617189	159
-0.40771484375	-0.00010946502685546877	-0.0005785501098632813	-0.0007030618286132811	-0.0008001077270507812	-0.0008901345825195314	-0.0009506188964843748	-0.001006160888671875	-0.0010723840332031247	-0.0011062585449218747	-0.0011367761230468747	160
-0.41015625	-0.00010459716796875	-0.0005675497436523437	-0.0006984701538085939	-0.0007991781616210938	-0.0008919515991210938	-0.0009542654418945312	-0.0010128591918945311	-0.0010809133911132813	-0.0011160086059570312	-0.0011471365356445313	161
-0.41259765625	-0.0001001324462890625	-0.0005571563720703126	-0.0006941802978515625	-0.0007988555908203125	-0.0008937652587890623	-0.0009585272216796877	-0.001018036499023437	-0.001086701049804687	-0.0011245428466796872	-0.0011568914794921872	162
-0.4150390625	-9.609283447265623e-05	-0.000547679443359375	-0.0006905017089843752	-0.000798839111328125	-0.000895579833984375	-0.0009627890014648438	-0.0010222982788085937	-0.0010943197631835936	-0.0011315512084960938	-0.0011663412475585938	163
-0.41748046875	-9.247772216796877e-05	-0.0005394183349609376	-0.0006871234130859376	-0.0007988177490234374	-0.0008973895263671875	-0.0009664385986328125	-0.0010280841064453123	-0.0010998004150390623	-0.0011397784423828126	-0.0011751788330078127	164
-0.419921875	-8.9293212890625e-05	-0.000532073974609375	-0.0006843566894531248	-0.0007991027832031251	-0.0008995056152343748	-0.0009703887939453123	-0.0010332550048828125	-0.0011074127197265623	-0.0011473907470703124	-0.0011830963134765622	165
-0.42236328125	-8.64739990234375e-05	-0.0005256439208984375	-0.0006818939208984375	-0.0007996917724609376	-0.0009013153076171873	-0.0009740371704101562	-0.0010365982055664062	-0.0011125869750976563	-0.001154090881347656	-0.0011913223266601563	166
-0.4248046875	-8.399139404296872e-05	-0.0005204379272460937	-0.0006800448608398437	-0.0008005892944335937	-0.0009034335327148435	-0.0009767639160156247	-0.0010417663574218748	-0.0011195861816406247	-0.0011617004394531248	-0.001199542236328125	167
-0.42724609375	-8.184173583984373e-05	-0.0005158438110351561	-0.0006785025024414064	-0.0008011831665039063	-0.0009058584594726563	-0.000979493408203125	-0.0010466320800781252	-0.0011241467285156251	-0.001169007568359375	-0.001207459716796875	168
-0.4296875	-7.993408203124998e-05	-0.0005121536254882812	-0.0006775588989257811	-0.0008020706176757812	-0.0009082717895507813	-0.0009822332763671875	-0.0010502874755859374	-0.0011296331787109374	-0.0011744940185546874	-0.0012153875732421875	169
-0.43212890625	-7.830566406249998e-05	-0.000509091796875	-0.0006766333007812501	-0.00080328125	-0.000910703125	-0.0009852734375	-0.0010542431640625	-0.0011335888671875	-0.0011811962890624999	-0.0012220898437500002	170
-0.4345703125	-7.682617187499999e-05	-0.0005063208007812499	-0.0006763037109375001	-0.0008041723632812499	-0.0009131201171875	-0.0009886221313476563	-0.0010594229125976563	-0.0011390737915039062	-0.0011872915649414062	-0.001228795471191406	171
-0.43701171875	-7.55645751953125e-05	-0.0005044732666015623	-0.0006759820556640625	-0.0008056817626953123	-0.0009161553955078125	-0.0009922738647460939	-0.0010624642944335936	-0.0011436410522460937	-0.0011918588256835938	-0.0012351937866210939	172
-0.439453125	-7.44219970703125e-05	-0.0005026266479492187	-0.0006759664916992186	-0.0008065817260742188	-0.000918886413574219	-0.000995916748046875	-0.001065496826171875	-0.001148199462890625	-0.001198248291015625	-0.0012412780761718748	173
-0.44189453125	-7.3402099609375e-05	-0.0005013809204101561	-0.0006762466430664064	-0.0008074722290039063	-0.0009209976196289062	-0.0009989544677734376	-0.0010706707763671872	-0.0011530682373046878	-0.0012043377685546878	-0.0012473675537109372	174
-0.4443359375	-7.2470703125e-05	-0.000500142822265625	-0.000676534423828125	-0.000808370361328125	-0.0009228112792968749	-0.001001080322265625	-0.001074627685546875	-0.0011573303222656248	-0.0012085998535156246	-0.0012531555175781248	175
-0.44677734375	-7.1668701171875e-05	-0.000499208984375	-0.0006768212890624999	-0.0008095727539062499	-0.0009246240234375	-0.0010038211059570314	-0.0010767581176757812	-0.001161596984863281	-0.0012137820434570312	-0.0012595584106445312	176
-0.44921875	-7.092193603515625e-05	-0.0004985797119140624	-0.0006774127197265624	-0.0008107745361328126	-0.0009264361572265625	-0.0010056399536132812	-0.0010810183715820312	-0.0011649417114257812	-0.0012189578247070315	-0.0012659548950195313	177
-0.45166015625	-7.023468017578125e-05	-0.0004976495361328125	-0.0006780084228515625	-0.0008122857666015625	-0.0009282525634765624	-0.0010086807250976563	-0.0010852798461914062	-0.0011692031860351562	-0.0012229141235351564	-0.0012711318969726563	178
-0.4541015625	-6.95513916015625e-05	-0.000497320556640625	-0.000678594970703125	-0.000813482666015625	-0.000929754638671875	-0.0010114248657226562	-0.0010871084594726561	-0.001172557678222656	-0.001228099670410156	-0.0012757070922851564	179
-0.45654296875	-6.898864746093751e-05	-0.0004970535278320311	-0.0006791824340820311	-0.0008143753051757811	-0.0009318679809570313	-0.001014462890625	-0.00109045166015625	-0.001178037109375	-0.00123266357421875	-0.001280576171875	180
-0.458984375	-6.839874267578126e-05	-0.0004967373657226563	-0.0006797817993164062	-0.0008155850219726563	-0.0009336880493164062	-0.0010175079345703124	-0.0010953277587890623	-0.0011807769775390622	-0.0012357086181640623	-0.0012854522705078124	181
-0.46142578125	-6.792449951171877e-05	-0.0004965344238281249	-0.000680677490234375	-0.000817091064453125	-0.000934888916015625	-0.0010205438232421876	-0.0010971429443359377	-0.0011847283935546877	-0.0012405755615234376	-0.0012900140380859378	182
-0.4638671875000001	-6.742401123046874e-05	-0.0004964306640624999	-0.000681275634765625	-0.000818604736328125	-0.0009367077636718751	-0.0010226773071289063	-0.0010980557250976563	-0.0011865567016601563	-0.0012451504516601565	-0.0012951992797851565	183
-0.46630859375	-6.698547363281249e-05	-0.0004963763427734374	-0.0006818621826171874	-0.0008201068115234375	-0.0009397357177734377	-0.0010244970703125	-0.00110201171875	-0.00119142822265625	-0.0012481909179687504	-0.00129946044921875	184
-0.46875	-6.657470703125001e-05	-0.0004963906860351562	-0.0006824563598632812	-0.0008216165161132814	-0.0009424661254882814	-0.0010272326660156247	-0.001105357666015625	-0.001193553466796875	-0.0012515368652343747	-0.001303111572265625	185
-0.47119140625	-6.616729736328125e-05	-0.0004963757324218751	-0.0006830517578125001	-0.0008234326171875	-0.00094458740234375	-0.0010290634155273439	-0.0011068832397460935	-0.001197825622558594	-0.0012561141967773438	-0.001306773376464844	186
-0.4736328124999999	-6.57574462890625e-05	-0.000496448974609375	-0.000683643798828125	-0.000824635009765625	-0.0009464001464843748	-0.0010305737304687498	-0.00111052978515625	-0.0011990307617187502	-0.0012585400390624998	-0.001310419921875	187
-0.47607421875	-6.537811279296877e-05	-0.0004965567016601561	-0.0006842398071289064	-0.0008255361938476563	-0.0009479116821289063	-0.0010330020141601562	-0.0011138735961914066	-0.0012029849243164062	-0.0012624942016601565	-0.0013146792602539063	188
-0.478515625	-6.5087890625e-05	-0.0004966949462890625	-0.0006848358154296874	-0.0008276580810546874	-0.0009494232177734376	-0.0010354464721679688	-0.0011144869995117187	-0.001205429382324219	-0.0012664645385742188	-0.0013183444213867184	189
-0.48095703125	-6.476989746093748e-05	-0.0004971087646484375	-0.0006857379150390626	-0.0008288653564453122	-0.0009500201416015625	-0.0010378787231445313	-0.0011166140747070315	-0.0012093875122070315	-0.0012679812622070315	-0.0013229129028320312	190
-0.4833984375000001	-6.445709228515625e-05	-0.0004971810913085938	-0.0006863290405273438	-0.0008291513061523437	-0.0009521371459960935	-0.001040008544921875	-0.001120269775390625	-0.0012099914550781252	-0.001270721435546875	-0.001326568603515625	191
-0.48583984375	-6.416259765625001e-05	-0.00049741943359375	-0.00068693359375	-0.000829755859375	-0.0009536572265625002	-0.0010418280029296878	-0.0011223944091796876	-0.0012133367919921873	-0.0012740667724609378	-0.0013289984130859377	192
-0.48828125	-6.393768310546875e-05	-0.0004973989868164064	-0.0006875234985351563	-0.0008312612915039062	-0.0009551626586914063	-0.001042743225097656	-0.001123309631347656	-0.0012145571899414061	-0.0012768130493164061	-0.001331134338378906	193
-0.49072265625	-6.368438720703123e-05	-0.0004976922607421874	-0.0006884271240234375	-0.0008318597412109374	-0.0009554559326171875	-0.0010436419677734374	-0.0011266497802734374	-0.0012178973388671875	-0.0012795428466796878	-0.0013341693115234378	194
-0.4931640624999999	-6.34259033203125e-05	-0.0004979840087890625	-0.0006890240478515626	-0.0008330670166015626	-0.0009572735595703123	-0.0010454733276367186	-0.0011281759643554687	-0.0012188131713867189	-0.0012835104370117188	-0.0013375265502929687	195
-0.49560546875	-6.319549560546874e-05	-0.0004982723999023438	-0.0006899227905273438	-0.0008342709350585937	-0.0009590878295898435	-0.0010460702514648438	-0.0011290780639648436	-0.0012227670288085936	-0.0012850228881835933	-0.0013405648803710933	196
-0.498046875	-6.299652099609375e-05	-0.0004985617065429688	-0.0006908224487304688	-0.0008351705932617187	-0.0009612081909179686	-0.0010488131713867188	-0.001132431335449219	-0.001222763366699219	-0.0012865451049804688	-0.001343612976074219	197
-0.50048828125	-6.277282714843749e-05	-0.0004988543701171875	-0.0006914202880859376	-0.0008363787841796874	-0.0009624163818359377	-0.0010512512207031248	-0.0011345642089843747	-0.0012273376464843747	-0.0012908142089843749	-0.0013469665527343748	198
-0.5029296875000001	-6.2579345703125e-05	-0.0004994412231445313	-0.0006923123168945314	-0.0008375759887695313	-0.000963918762207031	-0.0010527581787109378	-0.0011348504638671872	-0.0012276239013671874	-0.0012917108154296873	-0.0013487786865234376	199
-0.50537109375	-6.241058349609375e-05	-0.0004997421264648438	-0.0006932235717773437	-0.0008390975952148436	-0.0009651351928710935	-0.0010542901611328124	-0.0011366876220703123	-0.0012306817626953123	-0.0012932427978515626	-0.0013515313720703125	200
-0.5078125	-6.224945068359375e-05	-0.000500032958984375	-0.000693819580078125	-0.0008399987792968749	-0.0009669519042968748	-0.0010554953002929687	-0.0011394186401367187	-0.0012318869018554687	-0.0012974996948242185	-0.0013527365112304688	201
-0.51025390625	-6.2080078125e-05	-0.0005003399658203125	-0.0006944317626953125	-0.0008412213134765626	-0.0009675640869140623	-0.0010567071533203122	-0.0011412408447265623	-0.0012337091064453124	-0.0012984063720703125	-0.0013554742431640624	202
-0.5126953124999999	-6.194427490234376e-05	-0.000500941162109375	-0.0006950329589843751	-0.000842127685546875	-0.000967860107421875	-0.0010573114013671875	-0.0011415399169921875	-0.0012346185302734376	-0.0013002313232421876	-0.0013582147216796877	203
-0.51513671875	-6.177978515625e-05	-0.0005015405273437501	-0.0006956323242187499	-0.0008427270507812499	-0.00096845947265625	-0.001058216552734375	-0.001145496826171875	-0.001237354736328125	-0.001302662353515625	-0.0013609509277343749	204
-0.517578125	-6.167663574218751e-05	-0.0005018304443359375	-0.0006965325927734375	-0.0008439324951171872	-0.0009696649169921873	-0.0010606533813476563	-0.0011454922485351563	-0.0012385708618164063	-0.0013041836547851562	-0.0013636929321289067	205
-0.52001953125	-6.156890869140625e-05	-0.0005024261474609375	-0.0006977386474609375	-0.0008454437255859374	-0.0009714813232421873	-0.00106248046875	-0.0011448779296875	-0.00124161865234375	-0.00130509521484375	-0.0013652148437500002	206
-0.5224609375000001	-6.1400146484375e-05	-0.0005027252197265624	-0.0006986480712890625	-0.0008466583251953123	-0.0009730010986328125	-0.0010636968994140624	-0.0011479254150390623	-0.0012431402587890622	-0.0013090582275390623	-0.0013667364501953124	207
-0.52490234375	-6.1358642578125e-05	-0.000503326416015625	-0.000699554443359375	-0.0008472595214843749	-0.0009729919433593748	-0.0010649041748046876	-0.0011515740966796877	-0.0012428216552734378	-0.0013102655029296876	-0.0013688592529296874	208
-0.52734375	-6.125396728515625e-05	-0.0005036163330078125	-0.0007001495361328126	-0.0008472442626953123	-0.0009738922119140623	-0.0010667254638671874	-0.0011503436279296873	-0.0012443377685546876	-0.001311476440429688	-0.0013697650146484374	209
-0.52978515625	-6.114959716796877e-05	-0.0005042239379882813	-0.0007007571411132813	-0.0008487673950195311	-0.0009754153442382811	-0.0010670166015625	-0.0011512451171875	-0.00124554443359375	-0.0013139038085937498	-0.0013728027343749998	210
-0.5322265624999999	-6.1038818359375e-05	-0.0005048312377929689	-0.0007016696166992187	-0.0008499850463867187	-0.0009769381713867185	-0.0010679327392578125	-0.001153992309570312	-0.0012479864501953122	-0.0013154302978515625	-0.0013746343994140624	211
-0.53466796875	-6.09967041015625e-05	-0.0005051187133789063	-0.0007022622680664064	-0.0008502725219726563	-0.0009784463500976562	-0.001068836669921875	-0.001155506591796875	-0.0012479748535156247	-0.0013154187011718747	-0.001376759033203125	212
-0.537109375	-6.092529296875e-05	-0.0005057235717773439	-0.0007031723022460939	-0.0008502670288085939	-0.0009796615600585938	-0.001069746398925781	-0.0011539749145507811	-0.0012498001098632811	-0.0013187698364257813	-0.0013791946411132812	213
-0.53955078125	-6.085235595703124e-05	-0.0005063168334960938	-0.0007037655639648439	-0.0008505551147460937	-0.0009808651733398438	-0.001070342102050781	-0.0011564016723632814	-0.001251006164550781	-0.0013187551879882812	-0.001378874816894531	214
-0.5419921875000001	-6.080596923828124e-05	-0.000506614990234375	-0.000704368896484375	-0.000851158447265625	-0.0009814685058593749	-0.0010718624877929686	-0.0011573117065429687	-0.0012534420776367185	-0.0013202755737304686	-0.001380700378417969	215
-0.54443359375	-6.07305908203125e-05	-0.0005072268676757811	-0.0007052859497070314	-0.0008514651489257811	-0.000982080383300781	-0.0010733731079101564	-0.0011569912719726562	-0.0012534268188476565	-0.0013227017211914064	-0.0013828213500976562	216
-0.546875	-6.068878173828124e-05	-0.0005078265380859376	-0.0007058856201171875	-0.0008523699951171875	-0.0009823748779296871	-0.0010742892456054687	-0.0011588229370117188	-0.0012552584838867187	-0.0013239230346679687	-0.001385263366699219	217
-0.54931640625	-6.067230224609375e-05	-0.0005084326171875	-0.0007064916992187499	-0.0008529760742187499	-0.000983896484375	-0.0010751898193359375	-0.0011606390380859376	-0.0012537176513671875	-0.0013239080810546876	-0.0013867742919921873	218
-0.5517578124999999	-6.063079833984375e-05	-0.0005090347290039063	-0.0007070938110351562	-0.0008538833618164062	-0.0009832778930664063	-0.0010773120117187499	-0.0011600146484374999	-0.0012570605468749999	-0.00132633544921875	-0.0013870654296875	219
-0.55419921875	-6.058197021484376e-05	-0.0005093359375000001	-0.0007073950195312501	-0.0008551000976562499	-0.00098327392578125	-0.0010766928100585935	-0.0011615316772460936	-0.0012570516967773439	-0.0013266317749023437	-0.0013879721069335936	220
-0.556640625	-6.057220458984375e-05	-0.0005099346923828125	-0.0007079937744140625	-0.0008563092041015625	-0.0009841778564453126	-0.0010763839721679687	-0.001163359069824219	-0.0012597946166992189	-0.0013269332885742187	-0.001389189147949219	221
-0.55908203125	-6.055816650390625e-05	-0.000510234375	-0.0007085986328125	-0.0008569140624999998	-0.00098417236328125	-0.0010763659667968751	-0.0011642565917968748	-0.0012582507324218747	-0.0013290515136718747	-0.0013888659667968747	222
-0.5615234375000001	-6.054565429687501e-05	-0.0005108404541015625	-0.0007092047119140624	-0.0008569097900390624	-0.0009850836181640624	-0.0010775823974609377	-0.0011636419677734378	-0.0012616033935546871	-0.0013305731201171875	-0.0013916082763671875	223
-0.56396484375	-6.0557861328125e-05	-0.0005111334228515626	-0.0007094976806640626	-0.0008581182861328126	-0.0009862921142578126	-0.0010790963745117188	-0.0011660714721679686	-0.0012588449096679688	-0.001331171569824219	-0.001393122253417969	224
-0.56640625	-6.048492431640625e-05	-0.0005117413330078125	-0.0007094952392578125	-0.0008590313720703125	-0.0009872052001953125	-0.001080606994628906	-0.0011672769165039063	-0.0012631021118164067	-0.0013302407836914062	-0.0013958535766601565	225
-0.56884765625	-6.0468139648437485e-05	-0.000512041015625	-0.0007101000976562499	-0.00085994140625	-0.00098842041015625	-0.0010815145874023438	-0.0011666586303710933	-0.0012609579467773439	-0.0013323690795898435	-0.001395845642089844	226
-0.5712890624999999	-6.051422119140625e-05	-0.00051263671875	-0.0007103906250000001	-0.0008602319335937501	-0.0009905419921875003	-0.00108211181640625	-0.0011678662109374997	-0.0012643017578125	-0.0013338818359374999	-0.00139705322265625	227
-0.57373046875	-6.052520751953125e-05	-0.00051294189453125	-0.0007110009765625001	-0.000860537109375	-0.0009905419921875003	-0.0010814929199218749	-0.001169688720703125	-0.001262767333984375	-0.001335704345703125	-0.0013973498535156247	228
-0.576171875	-6.055114746093747e-05	-0.0005132449340820313	-0.0007109988403320312	-0.0008605349731445311	-0.0009920657348632812	-0.00108178466796875	-0.001168759765625	-0.00126427978515625	-0.0013363012695312502	-0.0014025244140625003	229
-0.57861328125	-6.050384521484375e-05	-0.0005138430786132813	-0.0007112918090820312	-0.0008608279418945311	-0.0009923587036132814	-0.0010817608642578126	-0.0011678204345703126	-0.0012645611572265625	-0.0013359722900390626	-0.0014028057861328125	230
-0.5810546875	-6.05194091796875e-05	-0.0005141470336914064	-0.0007115957641601561	-0.0008614370727539063	-0.0009914419555664064	-0.0010820712280273437	-0.0011702670288085935	-0.0012670077514648438	-0.0013371981811523435	-0.0014052523803710934	231
-0.58349609375	-6.053131103515625e-05	-0.0005147586059570313	-0.0007122073364257813	-0.0008620486450195313	-0.0009911380004882812	-0.0010832794189453126	-0.0011702545166015624	-0.0012657745361328125	-0.0013393218994140624	-0.0014085968017578125	232
-0.5859375	-6.057403564453125e-05	-0.00051505859375	-0.0007125073242187501	-0.0008626538085937501	-0.0009929638671875	-0.0010851007080078126	-0.0011711602783203126	-0.0012669854736328124	-0.0013374810791015625	-0.0014055352783203126	233
-0.58837890625	-6.056182861328125e-05	-0.0005150482177734375	-0.0007131072998046874	-0.0008623382568359374	-0.0009914276123046874	-0.0010857025146484372	-0.0011723724365234377	-0.0012669769287109378	-0.0013399139404296873	-0.0014052215576171874	234
-0.5908203125	-6.0577392578125e-05	-0.000515645751953125	-0.000713399658203125	-0.0008623254394531251	-0.000992330322265625	-0.001086292724609375	-0.001173878173828125	-0.0012678723144531247	-0.0013408093261718748	-0.0014058117675781253	235
-0.59326171875	-6.0625e-05	-0.0005159481811523438	-0.0007137020874023438	-0.0008620175170898439	-0.0009920223999023436	-0.0010859762573242184	-0.001171425476074219	-0.0012678610229492186	-0.001341103210449219	-0.0014051901245117188	236
-0.595703125	-6.0612182617187514e-05	-0.0005162478637695311	-0.0007140017700195312	-0.0008626223754882815	-0.0009920169067382813	-0.0010853527832031251	-0.0011729382324218748	-0.001269068603515625	-0.0013420056152343752	-0.001406702880859375	237
-0.59814453125	-6.0654296874999985e-05	-0.0005165524291992189	-0.0007143063354492188	-0.0008629269409179688	-0.000992626647949219	-0.0010859558105468748	-0.001174151611328125	-0.0012696716308593747	-0.0013419982910156246	-0.0014073059082031249	238
-0.6005859375	-6.069976806640625e-05	-0.0005168453979492189	-0.0007145993041992188	-0.0008635250854492187	-0.0009941403198242185	-0.001085939331054687	-0.0011738299560546872	-0.0012693499755859375	-0.0013416766357421872	-0.0014106463623046871	239
-0.60302734375	-6.0683288574218735e-05	-0.0005171450805664062	-0.0007148989868164063	-0.0008638247680664063	-0.0009941348266601562	-0.0010871527099609378	-0.0011741278076171874	-0.0012696478271484375	-0.0013428900146484374	-0.0014094183349609374	240
-0.60546875	-6.0731811523437485e-05	-0.000517442626953125	-0.000715196533203125	-0.000864427490234375	-0.000994127197265625	-0.001087440185546875	-0.0011762463378906247	-0.001270240478515625	-0.001344398193359375	-0.001408790283203125	241
-0.60791015625	-6.0740966796875e-05	-0.0005174429321289063	-0.0007155020141601563	-0.0008650381469726564	-0.0009956533813476564	-0.0010880319213867186	-0.0011759225463867185	-0.0012696115112304687	-0.0013428536987304686	-0.0014106027221679688	242
-0.6103515625	-6.078887939453125e-05	-0.0005177398681640624	-0.0007157989501953126	-0.0008647247314453125	-0.0009968658447265623	-0.00108893798828125	-0.0011746923828125002	-0.0012717382812499998	-0.001343759765625	-0.0014102880859374997	243
-0.61279296875	-6.0862121582031234e-05	-0.0005180343627929689	-0.0007157882690429689	-0.0008656295776367188	-0.000996244812011719	-0.0010889154052734374	-0.0011755853271484375	-0.0012723260498046878	-0.0013443475341796878	-0.0014120965576171875	244
-0.615234375	-6.08489990234375e-05	-0.0005180325317382812	-0.0007160916137695313	-0.0008656277465820313	-0.0009950222778320312	-0.0010898324584960935	-0.0011774179077148437	-0.0012701913452148438	-0.0013434335327148438	-0.0014127084350585935	245
-0.61767578125	-6.088928222656247e-05	-0.0005183331298828125	-0.0007160870361328126	-0.0008653179931640626	-0.0009947125244140623	-0.0010889013671875002	-0.001176181640625	-0.0012720068359375002	-0.001345859375	-0.001412998046875	246
-0.6201171875	-6.093444824218751e-05	-0.0005183340454101562	-0.0007160879516601561	-0.0008653189086914062	-0.000994408264160156	-0.0010879684448242186	-0.0011758590698242185	-0.0012701583862304688	-0.0013461471557617186	-0.0014126754760742186	247
-0.62255859375	-6.0982360839843736e-05	-0.0005183230590820313	-0.0007163821411132813	-0.0008656130981445313	-0.0009937869262695313	-0.00108826904296875	-0.0011782958984374997	-0.0012722900390625001	-0.001343701171875	-0.00141297607421875	248
-0.625	-6.102111816406249e-05	-0.00051862548828125	-0.0007163793945312501	-0.0008653051757812499	-0.00099531005859375	-0.0010891668701171874	-0.0011764471435546876	-0.0012698309326171873	-0.0013449041748046877	-0.0014129583740234376	249
-0.62744140625	-6.103607177734374e-05	-0.0005186157226562499	-0.0007157592773437501	-0.0008652954101562499	-0.00099407958984375	-0.0010891452026367187	-0.001176425476074219	-0.0012716403198242189	-0.0013457980346679688	-0.0014114108276367186	250
-0.6298828125	-6.1082763671875e-05	-0.0005186087036132813	-0.0007151419067382812	-0.0008652883911132813	-0.0009937673950195314	-0.0010900521850585937	-0.0011794686889648436	-0.0012701058959960938	-0.0013436532592773437	-0.0014138436889648436	251
-0.63232421875	-6.11309814453125e-05	-0.0005189144897460936	-0.0007154476928710937	-0.0008646786499023437	-0.0009940731811523438	-0.0010894326782226562	-0.001177323303222656	-0.0012722329711914065	-0.001344254455566406	-0.0014141397094726562	252
-0.634765625	-6.117736816406252e-05	-0.0005189099121093749	-0.0007157482910156249	-0.0008640637207031251	-0.000994678955078125	-0.0010897268676757811	-0.0011763967895507814	-0.0012685598754882813	-0.0013463796997070314	-0.0014153494262695312	253
-0.63720703125	-6.118865966796877e-05	-0.0005189044189453123	-0.0007160479736328125	-0.0008649737548828125	-0.0009940631103515622	-0.0010891024780273438	-0.0011766879272460935	-0.0012719027709960937	-0.0013448397827148437	-0.0014147250366210935	254
-0.6396484375	-6.123260498046874e-05	-0.000518897705078125	-0.000715736083984375	-0.000862830810546875	-0.0009937512207031252	-0.0010872564697265623	-0.0011778936767578125	-0.0012697515869140622	-0.0013451300048828124	-0.001415320434570312	255
-0.64208984375	-6.12774658203125e-05	-0.0005188909912109375	-0.0007148138427734375	-0.0008625189208984373	-0.0009931341552734375	-0.00108724853515625	-0.0011754443359374997	-0.00127157470703125	-0.001346953125	-0.0014147021484374998	256
-0.64453125	-6.129150390625e-05	-0.0005188851928710936	-0.0007132821655273437	-0.0008615975952148436	-0.0009943490600585934	-0.0010866204833984371	-0.001175426635742187	-0.0012691156005859374	-0.0013447991943359374	-0.0014149896240234373	257
-0.64697265625	-6.13360595703125e-05	-0.0005188784790039062	-0.0007129702758789065	-0.0008606753540039065	-0.0009949526977539062	-0.001085995788574219	-0.001176327819824219	-0.0012703219604492185	-0.0013447848510742186	-0.001414059753417969	258
-0.6494140625	-6.135314941406248e-05	-0.0005188806152343749	-0.000713582763671875	-0.0008625085449218749	-0.0009943444824218749	-0.0010866061401367184	-0.0011754122924804687	-0.0012687960815429683	-0.0013457003784179686	-0.001414059753417969	259
-0.65185546875	-6.1368408203125e-05	-0.0005188705444335937	-0.0007135726928710937	-0.0008612777709960937	-0.0009940292358398435	-0.0010865850830078126	-0.0011738653564453123	-0.0012703009033203122	-0.0013435430908203122	-0.0014155645751953124	260
-0.654296875	-6.140930175781251e-05	-0.0005188705444335937	-0.0007132675170898437	-0.0008603622436523437	-0.0009928085327148436	-0.0010881027221679687	-0.0011756881713867184	-0.0012684616088867184	-0.0013441452026367185	-0.0014161666870117187	261
-0.65673828125	-6.145599365234376e-05	-0.000518865966796875	-0.000712652587890625	-0.000860968017578125	-0.0009924987792968747	-0.0010868499755859377	-0.0011735198974609374	-0.0012684295654296874	-0.0013459442138671872	-0.0014152191162109373	262
-0.6591796875	-6.1478271484375e-05	-0.0005188549804687499	-0.0007123364257812501	-0.0008621777343749998	-0.00099187744140625	-0.001086236877441406	-0.0011716860961914065	-0.001267206115722656	-0.001343500061035156	-0.0014139956665039062	263
-0.66162109375	-6.152191162109375e-05	-0.0005188528442382812	-0.0007120291137695311	-0.0008603445434570312	-0.0009900442504882814	-0.0010853054809570313	-0.0011750271606445315	-0.0012668850708007812	-0.001343789367675781	-0.0014124539184570313	264
-0.6640625	-6.153564453125e-05	-0.0005188442993164062	-0.0007117153930664061	-0.0008606411743164062	-0.0009900357055664065	-0.001084381408691406	-0.0011734927368164062	-0.0012656558227539065	-0.001344696350097656	-0.001413055725097656	265
-0.66650390625	-6.15545654296875e-05	-0.0005188485717773436	-0.0007114144897460939	-0.0008615609741210937	-0.0009897348022460935	-0.0010837591552734374	-0.0011725653076171873	-0.0012668646240234372	-0.0013419378662109373	-0.001413654174804687	266
-0.6689453125	-6.157226562500001e-05	-0.0005188415527343749	-0.000711102294921875	-0.000860638427734375	-0.000989117431640625	-0.0010825332641601565	-0.0011722549438476562	-0.001265333557128906	-0.001341627502441406	-0.0014136489868164061	267
-0.67138671875	-6.1590576171875e-05	-0.0005191384887695313	-0.0007104837036132813	-0.0008594094848632812	-0.000989414367675781	-0.00108404296875	-0.0011737646484374998	-0.00126501220703125	-0.0013428320312499997	-0.0014130224609375003	268
-0.673828125	-6.161285400390625e-05	-0.0005191314697265625	-0.0007104766845703125	-0.0008594024658203123	-0.0009891021728515624	-0.0010840249633789062	-0.0011710000610351563	-0.0012643838500976563	-0.0013406777954101565	-0.0014102578735351561	269
-0.67626953125	-6.157073974609375e-05	-0.0005191278076171875	-0.0007104730224609374	-0.0008590936279296875	-0.0009900140380859376	-0.001082802429199219	-0.0011697775268554689	-0.0012634664916992189	-0.0013403707885742187	-0.0014102560424804687	270
-0.6787109375	-6.158508300781248e-05	-0.0005191244506835938	-0.0007101644897460938	-0.0008584799194335937	-0.0009894003295898436	-0.0010827804565429688	-0.0011706710815429689	-0.001262528991699219	-0.0013409591674804688	-0.0014099288940429687	271
-0.68115234375	-6.160461425781249e-05	-0.0005191180419921874	-0.0007098529052734374	-0.0008569476318359374	-0.0009890887451171877	-0.0010815402221679685	-0.0011706515502929685	-0.0012622042846679687	-0.0013388034057617187	-0.0014105197143554687	272
-0.68359375	-6.15313720703125e-05	-0.0005194223022460938	-0.0007098519897460936	-0.0008569467163085937	-0.0009872567749023438	-0.0010806204223632813	-0.0011694265747070314	-0.0012615896606445315	-0.0013378836059570315	-0.0014086843872070315	273
-0.68603515625	-6.155303955078125e-05	-0.0005194161987304688	-0.0007098458862304689	-0.0008563302612304687	-0.0009863351440429686	-0.0010815313720703122	-0.0011697271728515625	-0.0012597540283203123	-0.0013378790283203126	-0.0014099005126953124	274
-0.6884765625	-6.154449462890625e-05	-0.000519404296875	-0.0007098339843750001	-0.0008557080078125	-0.0009857128906250003	-0.0010787670898437499	-0.0011700146484375	-0.0012603466796875	-0.0013381665039062499	-0.0014095776367187502	275
-0.69091796875	-6.15045166015625e-05	-0.000519716796875	-0.0007101464843750001	-0.0008551049804687501	-0.00098388916015625	-0.0010784561157226563	-0.0011675674438476565	-0.0012588150024414064	-0.0013351089477539066	-0.0014086563110351563	276
-0.693359375	-6.14959716796875e-05	-0.0005197073364257811	-0.0007098318481445312	-0.0008538748168945312	-0.0009826589965820313	-0.0010787432861328126	-0.0011663287353515625	-0.0012587969970703126	-0.0013372271728515626	-0.0014065020751953122	277
-0.69580078125	-6.148345947265623e-05	-0.000519698486328125	-0.000709212646484375	-0.0008538659667968749	-0.0009835656738281249	-0.0010793380737304688	-0.001167533874511719	-0.001258476257324219	-0.0013359909057617185	-0.0014046554565429685	278
-0.6982421875	-6.144470214843749e-05	-0.000520001220703125	-0.000708599853515625	-0.000853863525390625	-0.0009829528808593753	-0.001077801818847656	-0.0011675234985351563	-0.001258160705566406	-0.001335675354003906	-0.0014052554321289062	279
-0.70068359375	-6.138183593750001e-05	-0.0005202975463867187	-0.0007082858276367187	-0.0008535494995117188	-0.0009817233276367189	-0.001078091735839844	-0.0011644564819335939	-0.0012563143920898438	-0.0013332186889648439	-0.0014055453491210936	280
-0.703125	-6.137390136718748e-05	-0.0005202886962890625	-0.0007079718017578126	-0.0008538458251953124	-0.0009807989501953126	-0.0010762600708007811	-0.0011650662231445313	-0.0012566189575195313	-0.0013323025512695312	-0.0014046292114257813	281
-0.70556640625	-6.127655029296873e-05	-0.0005205908203125	-0.00070796875	-0.0008535375976562499	-0.00098049072265625	-0.0010747091674804688	-0.0011638204956054686	-0.001255068054199219	-0.0013338034057617187	-0.0014042990112304687	282
-0.7080078125	-6.124237060546875e-05	-0.0005208892822265625	-0.0007076568603515626	-0.0008523101806640627	-0.0009817047119140623	-0.0010740966796875	-0.0011616821289062499	-0.0012559814453125	-0.00133258056640625	-0.00140338134765625	283
-0.71044921875	-6.117767333984376e-05	-0.0005208865356445313	-0.0007076541137695313	-0.0008526126098632813	-0.0009817019653320315	-0.001072871398925781	-0.0011638137817382812	-0.0012532302856445312	-0.0013301345825195313	-0.001401240539550781	284
-0.712890625	-6.113952636718748e-05	-0.00052118896484375	-0.0007076513671875	-0.0008529150390625	-0.00098017333984375	-0.0010734646606445312	-0.0011628811645507811	-0.0012541287231445312	-0.0013292019653320312	-0.0014006130981445313	285
-0.71533203125	-6.104309082031251e-05	-0.00052148681640625	-0.0007073388671875	-0.0008522973632812499	-0.00098047119140625	-0.0010737548828125003	-0.0011616455078125	-0.0012513671875000003	-0.0013291870117187502	-0.0014009033203125	286
-0.7177734375	-6.094879150390625e-05	-0.0005217892456054688	-0.0007070309448242187	-0.0008519894409179686	-0.0009798580932617188	-0.0010731387329101561	-0.0011619448852539062	-0.0012528872680664061	-0.0013285708618164063	-0.0013996768188476562	287
-0.72021484375	-6.08868408203125e-05	-0.0005220877075195311	-0.0007070242309570314	-0.0008507620239257813	-0.0009780203247070312	-0.0010722067260742184	-0.0011600973510742186	-0.0012501242065429687	-0.0013258078002929686	-0.001400575866699219	288
-0.72265625	-6.076019287109375e-05	-0.0005223825073242188	-0.0007070138549804687	-0.0008501412963867188	-0.0009773995971679686	-0.0010715835571289062	-0.001159169006347656	-0.0012501113891601563	-0.001327015686035156	-0.0013996475219726562	289
-0.72509765625	-6.069641113281249e-05	-0.0005226815795898438	-0.0007070077514648436	-0.0008498300170898436	-0.0009767831420898437	-0.0010700549316406249	-0.0011594714355468753	-0.0012473620605468747	-0.0013254870605468752	-0.0013968981933593749	290
-0.7275390625	-6.0604248046875e-05	-0.0005229843139648436	-0.0007067001342773438	-0.0008501327514648437	-0.0009758651733398438	-0.0010688183593749998	-0.0011582348632812498	-0.0012485668945312496	-0.0013227246093749998	-0.0013968823242187498	291
-0.72998046875	-6.048370361328125e-05	-0.0005229730224609374	-0.0007069940185546875	-0.0008501214599609374	-0.0009752435302734375	-0.0010681915283203126	-0.0011576080322265624	-0.0012451934814453123	-0.0013248443603515625	-0.0013941192626953126	292
-0.732421875	-6.0389404296875e-05	-0.00052358154296875	-0.0007069921875	-0.0008495092773437502	-0.0009743261718750002	-0.0010684771728515622	-0.0011566729736328125	-0.0012470050048828125	-0.0013232989501953123	-0.0013950152587890623	293
-0.73486328125	-6.02679443359375e-05	-0.0005238723754882813	-0.0007072830200195313	-0.0008485794067382812	-0.0009733963012695311	-0.0010678555297851564	-0.001156051330566406	-0.0012448574829101563	-0.0013205410766601563	-0.0013928677368164066	294
-0.7373046875	-6.017852783203126e-05	-0.0005241751098632812	-0.0007075857543945314	-0.0008476614379882813	-0.0009727835083007811	-0.0010696820068359374	-0.0011563519287109377	-0.0012451580810546872	-0.0013202313232421872	-0.0013934735107421871	295
-0.73974609375	-6.002258300781249e-05	-0.0005244683837890625	-0.0007078790283203126	-0.0008482598876953125	-0.0009733819580078125	-0.0010672320556640623	-0.0011542071533203124	-0.0012420977783203122	-0.0013196124267578129	-0.0013931597900390625	296
-0.7421875	-5.990173339843749e-05	-0.0005247665405273437	-0.0007078720092773438	-0.0008476425170898436	-0.0009730697631835936	-0.0010672225952148438	-0.0011535873413085936	-0.0012436141967773436	-0.0013183822631835933	-0.0013913192749023437	297
-0.74462890625	-5.97808837890625e-05	-0.0005250219726562499	-0.00070751708984375	-0.0008472875976562499	-0.00097271484375	-0.0010662841796875	-0.00115447998046875	-0.00124176025390625	-0.001319580078125	-0.00139068603515625	298
-0.7470703125	-5.962158203125e-05	-0.0005256570434570312	-0.0007075418090820312	-0.0008476174926757813	-0.000972129211425781	-0.0010647549438476563	-0.0011517300415039065	-0.001242977600097656	-0.001319271545410156	-0.0013897671508789065	299
-0.74951171875	-5.95037841796875e-05	-0.0005259609985351563	-0.0007075405883789062	-0.0008470059204101561	-0.0009715176391601562	-0.0010635174560546877	-0.0011507977294921874	-0.0012411297607421874	-0.0013174237060546877	-0.0013876141357421876	300
-0.751953125	-5.934844970703124e-05	-0.0005265570068359375	-0.0007075262451171875	-0.0008466864013671875	-0.0009711981201171875	-0.0010635015869140626	-0.0011520025634765623	-0.0012414190673828126	-0.0013161871337890622	-0.0013872930908203124	301
-0.75439453125	-5.920166015625e-05	-0.0005268591308593751	-0.0007078283691406249	-0.000846988525390625	-0.0009708898925781248	-0.0010644128417968749	-0.001150777587890625	-0.0012392785644531248	-0.001314962158203125	-0.0013866784667968747	302
-0.7568359375	-5.900787353515625e-05	-0.0005271530151367187	-0.0007078170776367189	-0.0008463668823242188	-0.0009708786010742189	-0.0010625601196289065	-0.0011492300415039062	-0.001238646545410156	-0.0013109732055664063	-0.0013857412719726562	303
-0.75927734375	-5.888946533203124e-05	-0.0005274542236328126	-0.0007084234619140626	-0.0008472784423828126	-0.0009705694580078125	-0.0010628527832031247	-0.0011483020019531249	-0.0012386340332031249	-0.0013137072753906247	-0.0013848132324218749	304
-0.76171875	-5.876739501953125e-05	-0.0005280511474609375	-0.0007090203857421875	-0.0008478753662109374	-0.0009699456787109377	-0.0010622277832031248	-0.0011495080566406252	-0.0012380090332031251	-0.001312471923828125	-0.0013826623535156245	305
-0.76416015625	-5.860839843750001e-05	-0.0005283462524414062	-0.0007090103149414062	-0.0008463394165039062	-0.0009690200805664064	-0.0010621978759765623	-0.0011479522705078126	-0.0012379791259765622	-0.0013100006103515624	-0.0013832427978515624	306
-0.7666015625	-5.845306396484376e-05	-0.0005286416625976563	-0.0007090005493164063	-0.0008469400024414063	-0.0009677896118164065	-0.00106005615234375	-0.0011476416015625	-0.0012352270507812498	-0.0013106054687499998	-0.0013838476562499998	307
-0.76904296875	-5.833221435546876e-05	-0.0005289370727539065	-0.0007092959594726564	-0.0008472354125976563	-0.0009677798461914062	-0.001060660400390625	-0.001146719970703125	-0.001238272705078125	-0.001309683837890625	-0.0013817053222656252	308
-0.771484375	-5.81451416015625e-05	-0.0005292324829101561	-0.0007098965454101564	-0.0008469204711914062	-0.0009677700805664065	-0.0010591003417968748	-0.0011460754394531248	-0.0012351867675781249	-0.0013111755371093747	-0.001381060791015625	309
-0.77392578125	-5.795684814453125e-05	-0.000529527587890625	-0.000710802001953125	-0.000846605224609375	-0.000967149658203125	-0.0010600152587890623	-0.0011451593017578125	-0.0012345758056640623	-0.0013096490478515625	-0.0013786187744140622	310
-0.7763671875	-5.783233642578125e-05	-0.000529820556640625	-0.000711094970703125	-0.0008468981933593749	-0.0009674426269531248	-0.0010590771484375002	-0.0011469677734374998	-0.00123150146484375	-0.0013087109375	-0.00137981689453125	311
-0.77880859375	-5.764343261718751e-05	-0.0005301153564453126	-0.0007113897705078125	-0.0008481085205078125	-0.0009680426025390623	-0.0010596646118164062	-0.0011451138305664064	-0.0012323941040039063	-0.0013050259399414062	-0.001377047424316406	312
-0.78125	-5.751892089843751e-05	-0.00053041748046875	-0.00071169189453125	-0.0008453588867187501	-0.00096864990234375	-0.001058434143066406	-0.0011432730102539062	-0.0012320791625976561	-0.0013071524047851561	-0.0013752066040039063	313
-0.78369140625	-5.736816406250001e-05	-0.0005307098388671875	-0.0007119842529296875	-0.0008453460693359373	-0.0009689422607421873	-0.0010578109741210939	-0.0011450912475585938	-0.0012320663452148435	-0.0013062240600585937	-0.0013767196655273437	314
-0.7861328125	-5.7203369140625e-05	-0.000531005859375	-0.0007119750976562502	-0.0008462524414062499	-0.00096893310546875	-0.0010562673950195312	-0.0011447683715820312	-0.0012320486450195312	-0.0013049856567382812	-0.001376396789550781	315
-0.78857421875	-5.704498291015625e-05	-0.0005312991333007813	-0.0007119631958007812	-0.0008453250122070311	-0.0009692263793945312	-0.001056246643066406	-0.001144442443847656	-0.0012317227172851562	-0.001303744201660156	-0.001376376037597656	316
-0.791015625	-5.69195556640625e-05	-0.00053159423828125	-0.0007125634765625	-0.0008453149414062499	-0.00096677490234375	-0.0010544058227539062	-0.0011416860961914064	-0.0012274404907226563	-0.0013028189086914065	-0.0013745352172851563	317
-0.79345703125	-5.675689697265625e-05	-0.00053189208984375	-0.0007131665039062502	-0.0008462231445312499	-0.00096768310546875	-0.001055918273925781	-0.001145029602050781	-0.001229258117675781	-0.0013037210083007812	-0.0013748269653320313	318
-0.7958984375	-5.6603698730468735e-05	-0.0005321771240234375	-0.0007134515380859376	-0.0008462030029296875	-0.0009658319091796873	-0.0010552947998046871	-0.0011416595458984377	-0.0012271087646484374	-0.0013015716552734371	-0.0013723724365234371	319
-0.79833984375	-5.647308349609376e-05	-0.0005324670410156249	-0.000713741455078125	-0.000846187744140625	-0.0009649011230468748	-0.0010552539062499999	-0.0011413134765624999	-0.0012285937499999997	-0.0013021411132812498	-0.0013744677734375	320
-0.80078125	-5.634277343749999e-05	-0.000532464599609375	-0.000714044189453125	-0.000847711181640625	-0.000965814208984375	-0.0010583056640625	-0.00114314453125	-0.0012267626953125	-0.0013006152343749999	-0.0013708056640625002	321
-0.80322265625	-5.6209716796875e-05	-0.000532755126953125	-0.0007146398925781249	-0.0008480017089843749	-0.0009667150878906246	-0.0010561511230468747	-0.0011409899902343748	-0.0012282702636718748	-0.0013015124511718747	-0.001372923583984375	322
-0.8056640625	-5.611175537109375e-05	-0.0005330438232421874	-0.0007152337646484377	-0.0008473748779296875	-0.0009676141357421875	-0.0010561294555664063	-0.0011406631469726561	-0.0012273330688476562	-0.0013014907836914065	-0.0013701553344726562	323
-0.80810546875	-5.601287841796874e-05	-0.0005330337524414062	-0.0007152236938476563	-0.0008485855102539061	-0.0009672988891601562	-0.0010579354858398437	-0.0011427743530273437	-0.0012291390991210935	-0.0012987191772460935	-0.0013698251342773437	324
-0.810546875	-5.58770751953125e-05	-0.0005333267211914065	-0.0007155166625976561	-0.0008488784790039063	-0.0009685073852539062	-0.0010567077636718751	-0.001142156982421875	-0.0012257751464843753	-0.001299017333984375	-0.001368902587890625	325
-0.81298828125	-5.577453613281249e-05	-0.0005333197021484375	-0.0007158148193359375	-0.0008494818115234374	-0.0009685003662109375	-0.0010560736083984378	-0.001139386596679688	-0.0012272772216796878	-0.0012996038818359377	-0.0013682684326171875	326
-0.8154296875	-5.567962646484376e-05	-0.0005333050537109375	-0.0007161053466796874	-0.0008500775146484376	-0.0009684857177734373	-0.00105665771484375	-0.0011418017578125	-0.0012248095703125	-0.00129957763671875	-0.0013685473632812498	327
-0.81787109375	-5.560150146484376e-05	-0.000533297119140625	-0.000716707763671875	-0.000850985107421875	-0.000969393310546875	-0.0010563430786132812	-0.001141181945800781	-0.0012257156372070315	-0.0012989578247070315	-0.0013676223754882813	328
-0.8203125	-5.553680419921875e-05	-0.0005332830810546874	-0.0007176092529296875	-0.0008500555419921875	-0.0009684637451171877	-0.0010566238403320314	-0.0011405471801757814	-0.0012256912231445312	-0.0012992385864257813	-0.0013685134887695312	329
-0.82275390625	-5.54351806640625e-05	-0.0005329702758789062	-0.0007182119750976562	-0.0008506582641601561	-0.0009687612915039065	-0.001057522888183594	-0.0011411410522460935	-0.0012256747436523436	-0.0012983065795898435	-0.0013684970092773439	330
-0.8251953125	-5.536163330078125e-05	-0.0005329510498046874	-0.0007188031005859374	-0.0008509442138671874	-0.0009699627685546873	-0.001058125305175781	-0.0011429641723632812	-0.0012250564575195313	-0.001297383117675781	-0.001368183898925781	331
-0.82763671875	-5.53179931640625e-05	-0.0005329379272460937	-0.0007190951538085939	-0.0008509310913085939	-0.0009696444702148439	-0.00105932373046875	-0.0011420263671875	-0.0012250341796875	-0.00129919189453125	-0.00136816162109375	332
-0.830078125	-5.524383544921875e-05	-0.0005326272583007813	-0.0007193948364257812	-0.0008512307739257811	-0.0009699441528320312	-0.0010577825927734377	-0.0011404852294921875	-0.0012259344482421872	-0.0012976507568359377	-0.0013687567138671874	333
-0.83251953125	-5.5174560546875e-05	-0.0005326123046875001	-0.0007199902343750001	-0.00085152099609375	-0.00096992919921875	-0.0010577484130859377	-0.0011416717529296873	-0.0012255950927734375	-0.0012973114013671875	-0.0013665863037109374	334
-0.8349609375	-5.510101318359376e-05	-0.0005322787475585938	-0.0007205722045898438	-0.0008530184936523438	-0.0009705111694335935	-0.00105711669921875	-0.00114287109375	-0.001227099609375	-0.00129820556640625	-0.0013668701171875	335
-0.83740234375	-5.5086669921875e-05	-0.0005319659423828125	-0.0007208697509765624	-0.0008536212158203125	-0.0009717242431640625	-0.0010570983886718749	-0.001141937255859375	-0.001222198486328125	-0.0012987976074218747	-0.0013677673339843749	336
-0.83984375	-5.504547119140625e-05	-0.0005316458129882813	-0.0007214651489257811	-0.0008526907348632813	-0.000970488586425781	-0.001057379150390625	-0.001141607666015625	-0.0012252258300781253	-0.0012981628417968749	-0.001369268798828125	337
-0.84228515625	-5.4971618652343735e-05	-0.00053102783203125	-0.0007217626953124998	-0.0008548193359375	-0.0009720068359375	-0.0010594879150390623	-0.0011431060791015624	-0.0012261138916015624	-0.0012996612548828125	-0.0013689361572265623	338
-0.8447265625	-5.492828369140625e-05	-0.0005307070922851561	-0.0007220523071289062	-0.0008554141235351562	-0.0009753482055664065	-0.0010601043701171872	-0.0011421966552734371	-0.0012248992919921872	-0.0012984466552734375	-0.0013683319091796872	339
-0.84716796875	-5.49169921875e-05	-0.0005303897094726561	-0.0007226504516601561	-0.0008560122680664063	-0.0009731997680664063	-0.0010600738525390623	-0.0011430816650390622	-0.0012279205322265625	-0.0012981109619140624	-0.0013686065673828125	340
-0.849609375	-5.49078369140625e-05	-0.0005297613525390625	-0.0007235479736328125	-0.0008566046142578125	-0.0009728765869140623	-0.0010615844726562498	-0.0011455078124999998	-0.0012266845703125	-0.00129840087890625	-0.0013688964843749998	341
-0.85205078125	-5.483306884765626e-05	-0.000529447021484375	-0.0007241491699218749	-0.000856900634765625	-0.0009750036621093748	-0.001062152099609375	-0.001146075439453125	-0.001228778076171875	-0.0013007995605468752	-0.0013697692871093748	342
-0.8544921875	-5.481781005859374e-05	-0.000528822021484375	-0.000723829345703125	-0.000858717041015625	-0.0009746838378906252	-0.001061224365234375	-0.001143621826171875	-0.0012272399902343752	-0.001299566650390625	-0.0013712829589843753	343
-0.85693359375	-5.480560302734375e-05	-0.000528203125	-0.0007238208007812499	-0.0008593188476562499	-0.0009755908203125	-0.00106090087890625	-0.0011466552734375002	-0.0012278320312499999	-0.0013010742187500003	-0.00137156982421875	344
-0.859375	-5.472930908203124e-05	-0.0005275735473632813	-0.0007241067504882813	-0.0008599099731445312	-0.0009767922973632813	-0.0010627044677734376	-0.0011469329833984378	-0.0012317718505859376	-0.0013010467529296875	-0.0013709320068359377	345
-0.86181640625	-5.4754638671875e-05	-0.0005266510009765625	-0.0007247100830078125	-0.0008608184814453125	-0.0009780059814453125	-0.0010639312744140626	-0.0011451080322265625	-0.0012268951416015625	-0.0013025787353515624	-0.0013691070556640624	346
-0.8642578125	-5.467742919921875e-05	-0.000526015625	-0.000724990234375	-0.00086048828125	-0.000978896484375	-0.0010663360595703122	-0.0011487335205078125	-0.0012289947509765624	-0.0013037628173828125	-0.0013678497314453125	347
-0.86669921875	-5.46661376953125e-05	-0.0005253961181640627	-0.0007255914306640626	-0.0008610894775390627	-0.0009788873291015623	-0.0010675262451171872	-0.0011493133544921872	-0.0012311004638671874	-0.0013022064208984374	-0.0013687347412109374	348
-0.869140625	-5.462066650390624e-05	-0.0005244598388671873	-0.0007255706787109374	-0.0008619842529296875	-0.0009794769287109378	-0.0010668975830078126	-0.0011474639892578124	-0.0012298614501953123	-0.0013027984619140623	-0.0013702423095703121	349
-0.87158203125	-5.463592529296876e-05	-0.0005238375854492187	-0.0007252536010742189	-0.0008613619995117186	-0.0009788546752929688	-0.0010675079345703123	-0.0011483795166015622	-0.0012301666259765622	-0.0013031036376953123	-0.0013696319580078127	350
-0.8740234375	-5.462493896484374e-05	-0.0005229104614257812	-0.0007249368286132812	-0.0008619607543945312	-0.0009785379028320314	-0.00106717529296875	-0.00115079345703125	-0.00123319091796875	-0.0013049072265625002	-0.0013677734375	351
-0.87646484375	-5.463592529296874e-05	-0.0005219796752929689	-0.0007255319213867187	-0.0008625558471679687	-0.0009803536987304684	-0.0010668518066406251	-0.001151385498046875	-0.001230731201171875	-0.001303668212890625	-0.001373553466796875	352
-0.87890625	-5.456878662109375e-05	-0.0005213558959960938	-0.0007255184936523438	-0.000863763122558594	-0.0009827816772460941	-0.001068365478515625	-0.001150152587890625	-0.001233160400390625	-0.0013033508300781252	-0.0013717102050781252	353
-0.88134765625	-5.45880126953125e-05	-0.0005204232788085935	-0.0007255014038085938	-0.0008637460327148436	-0.0009824594116210935	-0.0010701690673828126	-0.0011525665283203122	-0.0012325225830078126	-0.0013048492431640623	-0.0013744293212890623	354
-0.8837890625	-5.45404052734375e-05	-0.000519501953125	-0.0007251904296875	-0.0008646557617187501	-0.00098458984375	-0.0010695281982421876	-0.0011546722412109378	-0.0012343231201171875	-0.0013035980224609376	-0.0013737884521484375	355
-0.88623046875	-5.45611572265625e-05	-0.0005185684204101563	-0.0007248672485351561	-0.0008655532836914062	-0.0009864028930664061	-0.00107103271484375	-0.00115343017578125	-0.00123338623046875	-0.001305712890625	-0.0013734619140625003	356
-0.888671875	-5.451202392578125e-05	-0.0005179400634765626	-0.0007242388916015626	-0.0008655352783203125	-0.0009866900634765623	-0.0010731536865234371	-0.0011546356201171874	-0.001235507202148437	-0.0013066131591796877	-0.0013740570068359373	357
-0.89111328125	-5.453155517578125e-05	-0.0005170196533203124	-0.0007233184814453124	-0.0008655303955078125	-0.000986380004882813	-0.00107374267578125	-0.0011564453125	-0.0012351806640625003	-0.001306591796875	-0.00137708740234375	358
