0.000000000000000000e+00 0.000000000000000000e+00
2.500000000000000000e+02 1.954410047611679913e-01
5.000000000000000000e+02 1.381976597885341829e-01
7.500000000000000000e+02 1.128379167095512475e-01
1.000000000000000000e+03 9.772050238058399563e-02
1.200000000000000000e+03 8.920620580763855001e-02
1.400000000000000000e+03 8.258889836115869409e-02
1.600000000000000000e+03 7.725484040463792557e-02
1.800000000000000000e+03 7.283656203947194707e-02
2.000000000000000000e+03 6.909882989426709143e-02
