8.786164365196408426e+02 4.890873818266012449e+02 9.299441905919232454e+01 2.074420326023840744e+01 5.926174426465424361e+00 2.407848394120905677e+00 1.424536169509139638e+00 1.349296505840059002e+00 2.512414296160559335e+00 3.289550889062477612e+00 3.634232302612898202e+00 3.869280749119617724e+00
2.314124293785311295e+02 1.290759748049590598e+02 2.655332667011464665e+01 6.701363241255862135e+00 2.328045338275052334e+00 1.120484610132242542e+00 6.926955033086120705e-01 5.219072809493880971e-01 4.955383025283697229e-01 5.732457588045506425e-01 5.747198152271529858e-01 5.639768054101211847e-01
2.073267953179373819e+02 1.150784956290611660e+02 2.354723790167894748e+01 6.016421235027781478e+00 2.132728677719206267e+00 1.044166282675368151e+00 6.491779251827198838e-01 4.820528577378724311e-01 4.245974912479709151e-01 4.336450712467184720e-01 4.282125623523669322e-01 4.172600037524055172e-01
1.895199537304800685e+02 1.062560007134406277e+02 2.181916968186419226e+01 5.627514940707614599e+00 2.022824388523059014e+00 9.999524916126251162e-01 6.225757048539162231e-01 4.571545575762472891e-01 3.863751818289029027e-01 3.706200417927872359e-01 3.609994188359835765e-01 3.493629054035001791e-01
1.797969821673525246e+02 1.005144266269440578e+02 2.070596694005162064e+01 5.371147279691115273e+00 1.951319049417195250e+00 9.706130653750439929e-01 6.057379315241219198e-01 4.412817075628340802e-01 3.657058376237289909e-01 3.392551271450016115e-01 3.262457868802103311e-01 3.144184195870710630e-01
1.742515288487104499e+02 9.704064559345695784e+01 2.003602412568597657e+01 5.227817973372962612e+00 1.909122110666121364e+00 9.540832935773628787e-01 5.955214528070965629e-01 4.325063589711046763e-01 3.539499690960404288e-01 3.217464675134549257e-01 3.067906457008856558e-01 2.941655145916179381e-01
1.714255820036620719e+02 9.594663755348354073e+01 1.953022851363439116e+01 5.105880575532061094e+00 1.874454309153122722e+00 9.400282696670657634e-01 5.865647307578070180e-01 4.242030866988497628e-01 3.440220417937410180e-01 3.076685629110340048e-01 2.905022298705283723e-01 2.778884649916466554e-01
1.719653634216740841e+02 9.439371206519213331e+01 1.925112320457455084e+01 5.039399361103906294e+00 1.855551724846630668e+00 9.316148545650233537e-01 5.804620864045016981e-01 4.183862037942253087e-01 3.363682753964192251e-01 2.970422486174774668e-01 2.779128926257663501e-01 2.651823258170608044e-01
1.749492792311799292e+02 9.477915223906829567e+01 1.910125260954851001e+01 5.002035399613808941e+00 1.842708358588459161e+00 9.254512492965476511e-01 5.756744292127926599e-01 4.128741148569269881e-01 3.292129510370002676e-01 2.869192726379556357e-01 2.660901980365679154e-01 2.527575183019421523e-01
1.777006507592190871e+02 9.552142321090423138e+01 1.910125260954851001e+01 4.989656408916729902e+00 1.837805029237616683e+00 9.227099654201438295e-01 5.724092703612552180e-01 4.092182586041807069e-01 3.236153464920574208e-01 2.787429414980505671e-01 2.562077439855374728e-01 2.418679328995287370e-01
