-2.276306152343749843e-07 -8.642578124999999375e-07 -9.646606445312499759e-07 -1.055297851562499989e-06 -1.112365722656250099e-06 -1.147766113281250139e-06 -1.166687011718750003e-06 -1.163024902343750152e-06 -1.143188476562500007e-06 -1.125488281250000093e-06
-4.089248822021482901e-07 -1.549475030517577364e-06 -1.737944165039061696e-06 -1.882246636962889620e-06 -1.989764123535155388e-06 -2.060992059326171145e-06 -2.084492016601561483e-06 -2.118785198974608636e-06 -2.110168695068358291e-06 -2.093771148681639728e-06
-2.150666696166971694e-06 -7.532012937011651651e-06 -8.493565183105392813e-06 -9.166251645507728963e-06 -9.659051450195226110e-06 -9.982020322265536486e-06 -1.024053558105459534e-05 -1.038900420898428277e-05 -1.047051751464834248e-05 -1.047051751464834248e-05
-9.641247604980392787e-06 -2.984467380737284046e-05 -3.324235325073219817e-05 -3.553966575073217788e-05 -3.723599253295873984e-05 -3.825687906860326395e-05 -3.917052054809544540e-05 -3.968726938842747362e-05 -3.998372342895481577e-05 -4.008292026733372538e-05
-3.374858477111800591e-05 -8.590897982604947069e-05 -9.377657931335412833e-05 -9.887165743835411890e-05 -1.024947714520259837e-04 -1.047601925946041169e-04 -1.066977194500728660e-04 -1.077846536541744173e-04 -1.085358944989009785e-04 -1.088254721356197194e-04
-8.306170790832497343e-05 -1.784941963427730564e-04 -1.915403737109371137e-04 -2.000095021289058264e-04 -2.060553346484370724e-04 -2.096253035205073790e-04 -2.127595588916011309e-04 -2.146809907763667360e-04 -2.161107893603511068e-04 -2.167528340380854904e-04
-1.403965755877684086e-04 -2.887271521826168387e-04 -3.080819483251949899e-04 -3.212460724707027451e-04 -3.301757898779293285e-04 -3.358401264257808785e-04 -3.409683356542964907e-04 -3.445530805273433581e-04 -3.474185926123042807e-04 -3.494003510351558948e-04
-1.482253894042969593e-04 -3.832098292175291376e-04 -4.148922608581541265e-04 -4.374888026062009926e-04 -4.532252222839353159e-04 -4.624209467712400278e-04 -4.714722883239743571e-04 -4.780272346130369065e-04 -4.844091523376462850e-04 -4.887367457214352633e-04
-7.960470544433596819e-05 -4.036014955444336264e-04 -4.710343422241211153e-04 -5.176315907592772764e-04 -5.468876332397460370e-04 -5.650516102905273237e-04 -5.813580983276366411e-04 -5.945863942260741237e-04 -6.075095143432615585e-04 -6.180176625366209453e-04
-6.079857304077154170e-05 -3.488905010253908010e-04 -4.612066716796875930e-04 -5.396362242919921191e-04 -5.895268309814450519e-04 -6.216074462158199766e-04 -6.500501647216793289e-04 -6.733048949462886292e-04 -6.970601805908197479e-04 -7.175069579345697999e-04
-5.503225532836916289e-05 -3.479956575378417524e-04 -4.670577595886229549e-04 -5.540175123962400939e-04 -6.130347365173338149e-04 -6.519103590759275316e-04 -6.884628737243650301e-04 -7.196499525817869362e-04 -7.516248305114743697e-04 -7.806165297302243480e-04
-5.168919315185548460e-05 -3.546245130676269021e-04 -4.793174476379394029e-04 -5.724706226867675449e-04 -6.360950489562986919e-04 -6.798893482727049820e-04 -7.197132130187987526e-04 -7.541980763000487222e-04 -7.912722096008299472e-04 -8.268975452941893000e-04
