-4.714820143884883691e+03 -5.091756662264005939e+01 -7.964029651233443019e+01 -1.995615103532277601e+02 -5.957818181818180392e+02 -7.170240700218816983e+02 -1.189401088929219668e+03 -5.461333333333240444e+04 -7.447272727272708835e+03 -5.957818181818181074e+03
2.028508065993867149e+03 -6.339046894585115410e+01 -1.000851358961155171e+02 -2.758292250761088553e+02 -1.073155343952051226e+03 -1.378093560978957612e+03 -2.086072916804599572e+03 2.660393265359939505e+03 3.685455049325361870e+03 3.698680358526381042e+03
5.214286023447502885e+02 -1.320599521231080473e+02 -2.350124752838120514e+02 -1.534996496040681450e+03 9.937719419555811555e+02 1.799471405274734479e+03 1.057164301295964378e+03 7.055850085235266533e+02 6.810099963488861476e+02 6.494058317151051369e+02
3.256854501933442521e+02 -4.709289879096742197e+02 -6.074861995626901262e+03 5.866959250702255986e+02 3.842327249585990216e+02 4.993178265241168674e+02 4.371919723185768589e+02 3.978378445580727316e+02 3.539970466828430631e+02 3.342081274586256541e+02
2.591963773256327386e+02 5.041055805816993143e+02 3.067980485367112919e+02 2.441126594226716975e+02 2.202547706720883980e+02 2.601815500613130325e+02 2.431851834867244690e+02 2.395361784250725350e+02 2.175762122567294057e+02 2.106357324780976512e+02
2.068676002913926482e+02 1.548063088106185319e+02 1.414121076107474551e+02 1.369385161441352352e+02 1.338128293050098421e+02 1.519022106377670411e+02 1.488365700406042151e+02 1.485368313428324427e+02 1.413530082180556917e+02 1.363792057377611115e+02
1.620969391934650048e+02 8.626268618003335575e+01 8.217252768171991306e+01 8.487570299347457592e+01 8.566943057248755622e+01 9.361097593080818058e+01 9.317131847979325698e+01 9.443257100365663348e+01 9.094511935423437876e+01 8.924843379675394317e+01
1.235799320189691173e+02 5.236007864504271225e+01 5.112110658544546027e+01 5.305023215097615719e+01 5.432846586179862669e+01 5.812685032764617432e+01 5.829218748350041324e+01 5.944157254769923071e+01 5.808065718717367787e+01 5.706231553136765200e+01
8.851506257967385238e+01 3.323966283815434508e+01 3.247773221697472934e+01 3.389704830859027140e+01 3.466809446852610677e+01 3.667306009898003083e+01 3.702840002344651538e+01 3.797009217462358777e+01 3.720060506202875672e+01 3.717635559096992637e+01
6.254219804249653691e+01 2.147726668130971817e+01 2.099544002621500027e+01 2.185276429881806592e+01 2.247540201684651251e+01 2.336684947347124108e+01 2.365405373540366440e+01 2.430901679119228831e+01 2.407108473404995763e+01 2.394651863103466383e+01
4.302943736466290403e+01 1.407977441649429551e+01 1.368944372216181726e+01 1.425838446562550743e+01 1.459597071286836822e+01 1.508560235929985538e+01 1.533588512577373564e+01 1.572575958432644505e+01 1.560745744740662744e+01 1.560021487772539750e+01
2.949597688053490074e+01 9.353020178516761263e+00 9.088294757880612806e+00 9.366763609636217680e+00 9.627232708099699110e+00 9.861145157260489569e+00 1.002397923783302502e+01 1.028166800182762941e+01 1.019747144533724281e+01 1.022992556929937713e+01
